      316306
      320400
      396419
     -176681
     -486338
-1.13676e+06
     -147678
      791536
     13865.8
      819582
      228869
      369796
-1.08249e+06
 -1.1058e+06
      263639
     -298788
     -798585
 1.56672e+06
      989063
 1.56595e+06
      794598
      605591
    -27284.7
     -132446
      207570
     92576.7
     -434338
     -493130
      642208
 1.90377e+06
      582981
      706823
     -143317
    -36077.3
 1.07027e+06
     -148042
-1.29378e+06
     -778501
     -513025
     -420977
     -241614
      226907
      813265
 1.33629e+06
     -390885
     -553341
      536426
 -1.4115e+06
      599564
      125872
     -152499
      102899
 2.14594e+06
     -612300
      234219
     -441557
     -232020
      600585
      786323
     -484474
     -411024
      428824
     38392.6
      526825
      827209
      105820
  1.2476e+06
      -43732
      249831
      455686
      679248
     -262782
      471817
     -500273
    -31907.8
     -213311
-1.02599e+06
      385362
 1.08334e+06
     -572767
 1.46606e+06
      305751
      608275
     -640743
    -17547.8
      148140
      381323
-2.35904e+06
     91653.2
      643219
      202626
      940860
      502105
 1.01812e+06
      641517
      635529
 1.78365e+06
 1.93569e+06
     34012.9
 2.81617e+06
      363776
     -375020
    -23714.1
  1.2362e+06
 1.80094e+06
     -758163
     56722.9
    -74071.7
      292425
     -123125
     58875.9
      349825
      551335
      463857
     -152177
  2.1339e+06
     -137422
     -261659
      681610
      555512
     -497206
     -832178
     -356038
 -1.1277e+06
      465786
-1.44381e+06
      576897
     14019.9
     42298.2
 1.22469e+06
      491620
     -215608
      635348
     -463818
      679972
    -33754.6
  1.9449e+06
     -225559
     -727456
     -338585
     16514.5
     -588200
-1.22246e+06
    -10583.3
      695588
      489471
     43505.3
      292757
     -679535
     -587282
      -42880
     -320184
      772418
-1.61083e+06
     -749861
     -112735
-1.77037e+06
     -230491
 1.07091e+06
     23504.1
     -194222
-1.51308e+06
      735125
     -456240
 1.42288e+06
      444789
      371991
    -14854.5
     -385097
 1.07878e+06
      133055
     -163422
     -953141
       31858
      485450
      377351
      173630
      111500
    -74803.3
      219563
      222503
      191018
      107042
    -3045.25
      530740
     -289242
-2.20602e+06
     -690792
      413321
     -359364
      2314.9
     -463937
      428887
      100195
     -519137
      141740
     -676656
     -172100
-1.41335e+06
      604229
 1.52496e+06
     90869.1
     -575162
     -433662
     -465569
      310842
     -762622
      190189
     84265.4
     -309568
      688538
     -825078
     -315209
     -457571
      397923
     -370788
      609150
    -7730.27
     -675051
     -713160
     -508251
     53519.8
     -176486
     68114.5
      675745
     -727294
      267150
 1.66233e+06
      267917
     -838301
      634096
    -58388.1
     -266064
-1.69802e+06
      420878
      495970
      928278
    -9425.63
     -288688
      210165
      919537
 1.09854e+06
     -931008
 1.10281e+06
     -495499
    -51456.4
     -318829
     -587645
     -236037
     -101888
     -901957
     -184377
      130397
      261335
     -702916
      448605
    -44251.9
     -170411
-1.62291e+06
    -88779.5
     -780395
     -408513
      492679
      118974
     18214.5
      333585
     -548910
    -17234.1
     -882173
     -659075
      416548
      494298
       14095
     -148222
     -535242
     -763201
 1.35076e+06
      119981
      245632
     30066.7
     -370505
     -328701
     -374508
     -396067
     -266281
     -104907
      309173
     -824590
    -13394.6
     -4791.8
     -812536
     -782877
     -704491
      891907
      473197
 2.25556e+06
    -86011.9
      658278
      100152
-1.20464e+06
      208972
     -139104
     2050.07
    -64659.2
      777348
     -174876
     65425.8
     -671575
     -316018
     -642274
     -102256
      558914
 1.36255e+06
      175583
    -36836.3
      734766
     -186489
     -590433
     -183934
     -144038
      121765
     -996164
     -900652
     173.108
      168709
      984637
      580064
      328199
      -30047
     -361444
      449951
     -266473
 2.15991e+06
      426134
 1.05323e+06
      347108
    -10739.2
    -49135.1
 -1.7763e+06
 -1.8001e+06
     -205025
     -893921
     19930.5
      400062
     -121408
-1.15091e+06
     -949870
      208419
-1.15445e+06
    -37302.1
     -126766
      316324
      200531
      211162
    -71419.5
 1.18871e+06
      315141
    -87801.4
     -299592
     -458536
     -859779
     65821.1
     -194355
      509178
     545.825
      207268
      760970
     -109049
      730005
     78758.3
 2.04844e+06
      589835
 1.18486e+06
     2891.18
     -244512
     -274453
     -541247
-2.13121e+06
     -483301
     41994.6
     -890021
     24752.9
     -506974
    -71191.1
     -143570
-1.07433e+06
    -64676.1
    -2834.64
 -1.2029e+06
     32787.3
      565044
      282545
     -101674
      470120
     -338685
      505931
      636001
 1.03016e+06
  2.6044e+06
     -483059
 1.39339e+06
    -28465.3
     -261918
     -130484
-1.04215e+06
     88872.2
     -130482
     53114.5
     -107798
     -458072
       21449
     -863812
     50694.3
      574898
      722587
 1.57448e+06
 1.17559e+06
      777219
 -1.0684e+06
 -1.1172e+06
    -53080.6
      392801
      174682
     77790.1
    -31808.3
 2.73852e+06
     -347741
    -45715.9
     -314788
     -224216
 -1.9128e+06
    -13313.7
 1.09709e+06
     -160875
     -143573
      175115
      556395
     -643831
      735341
     -320661
     40700.4
      443649
     -535737
    -86922.5
      339656
    -47188.8
      221512
       38385
     -882902
      647229
      858840
      270678
      252504
      339165
     12639.7
     22862.6
     -409492
     -665097
      142009
     -931487
      641491
     69263.3
     -451555
      277451
     52616.4
     5977.47
 1.00324e+06
      175744
      674829
     -142751
      435100
     7509.88
     -212612
     -514156
     31197.1
     2864.66
      267056
     -218716
     52337.4
      678947
      592983
     -353158
     -782078
      270895
-1.40839e+06
     -224161
     53719.1
     -269410
     -219442
-1.39234e+06
     -408568
      248341
      504808
      154836
      524848
    -7362.83
      377420
     5588.42
 1.88556e+06
      473503
      542828
     -407395
     -252291
     -807289
      495208
    -5582.39
      955501
     -153490
     -837623
 1.19761e+06
     -412555
      307140
     -801993
      652947
     14755.9
     -502231
     77852.1
     -938120
     -666847
-1.35849e+06
     -171216
-1.00617e+06
      202207
    -42426.5
     -226563
      770319
     -407754
     -229165
      950957
     -680606
     -231085
     -334038
-1.09596e+06
      399525
      741671
      289400
    -40446.5
     39818.9
      187290
     -874595
      808723
      534991
     -281015
 1.26045e+06
     56987.6
       86781
      215153
      101134
     -594119
     -204698
      741519
 -2.3193e+06
     28153.4
     -331437
      771565
    -97041.2
     -246770
     6413.77
 1.46952e+06
     -207614
      784850
-2.26602e+06
      245225
     -325816
      126414
      773330
     -244397
     -271960
     -142321
     -603835
     83842.9
     -176433
      615719
     77408.5
     15130.9
    -527.279
     -273177
     -981750
      500341
     -111166
    -86291.9
     -194310
-1.43695e+06
    -79610.6
      585050
     85948.7
      122370
      358073
     3345.09
      298999
      333176
      595597
      695194
      112146
     72381.2
      625792
      388337
      416528
     -135837
-1.40259e+06
     31771.9
     -201007
     -959614
     -153239
      740699
     -633138
    -78888.3
     -845654
     -979043
    -71784.5
     80507.8
      508544
      -47286
 1.13766e+06
     -583224
     -727000
    -15160.1
      352137
      546056
      969651
    -84453.3
     -499970
    -57563.7
      696097
     -494235
     -485578
    -86070.1
      514642
    -32789.8
     -636092
       88942
 1.34549e+06
     -324525
      182006
-1.15929e+06
     -587692
 1.10202e+06
     -761465
      177901
      119605
     -457804
 1.42808e+06
      259125
    -2237.03
 1.42426e+06
      182810
     -175196
     85629.5
     -190305
      160188
      526851
    -77206.5
      214352
    -32073.7
      970732
      312872
     -631164
-1.35096e+06
     -430574
 -1.5338e+06
     -204969
      197523
      691707
     95115.7
    -43213.6
     -200144
     5552.11
-1.65807e+06
      489195
     -890441
 1.17779e+06
 1.49434e+06
     -418068
     -203226
    -18108.2
     -310178
     74123.9
      111417
      460156
      142513
      334800
     -852650
      904468
      157881
     37423.9
      268105
     92392.9
     -814830
      288175
    -46548.5
     -339509
    -26347.2
     -413747
     26476.7
     -511522
      728125
    -13285.8
  1.4313e+06
    -709.299
     -875474
      231499
     -441078
     91670.2
      205499
      989559
      463993
      421890
    -21604.3
-1.56073e+06
     -865873
     -112615
     -521578
      260447
  1.3444e+06
     -667523
      326432
      378618
      308424
    -56519.4
     -306892
 1.64648e+06
     -162940
     -205654
     82.1704
      746673
    -50917.2
      469707
     -394330
     -913733
     -252060
      518013
      591422
     -475831
 1.16628e+06
 1.34987e+06
 1.67191e+06
-1.10045e+06
     -747275
     -170891
      620606
     -301361
    -54072.3
     -845268
-1.17305e+06
     -707779
    -69578.3
      802848
      823498
     -999289
     -664001
-1.57378e+06
     21199.7
     -322196
 1.62287e+06
     43669.1
     -304093
      196813
      574891
     -577570
    -95931.2
      412449
      919695
      201220
     -257034
      592714
     -280425
       54121
     -807239
     -740233
      423607
      851786
      167219
      223960
      508694
-2.84859e+06
      215960
    -32072.4
      222953
      341045
      245430
    -11240.2
     85654.2
      523314
     -843922
      506597
      -66516
     -268129
     -178742
     -536936
      376010
-1.14101e+06
     -182923
      307570
     -600909
-1.25165e+06
     -421814
     -216548
    -9491.81
      720874
     -863307
     36236.9
     -287544
       59701
-1.09646e+06
     -880984
-1.53978e+06
      828251
     -787982
    -24729.4
     -662433
     -659698
      235376
      917885
      130092
-1.41569e+06
      285659
     -195396
     -207869
     79843.1
-1.12139e+06
     -522192
     79562.3
      235591
      660460
     17991.9
    -60584.3
      252310
      185706
      517687
    -22423.5
      744296
    -50979.9
     -773936
      201240
      3019.1
     91934.3
     -109262
     -811941
     -310270
     -107735
      854005
      747778
      514396
      106137
    -78822.5
    -43537.8
      371540
     20460.9
      285546
     -945113
      -39559
      849494
      121990
       86521
     -147123
     -524719
      138843
     -675267
     -419047
     18335.1
     -510221
     -575902
     -313584
     -372173
      681830
      853972
     -165362
      -46770
      292626
       93725
     -513658
      147097
     42896.6
      660944
     40289.4
      466449
     -186029
-1.38873e+06
-1.26582e+06
-1.38308e+06
      785660
 2.04289e+06
      645663
     44560.1
      124816
     25841.2
      447710
      247158
 1.10473e+06
      419029
     -582501
     45244.8
 -1.5316e+06
-1.02308e+06
    -70209.6
     -142954
      1874.2
     -357981
     -834184
      403966
     -795626
      438179
    -11053.1
     78913.8
     -701745
     -601774
      708836
-2.16346e+06
      232534
 1.04114e+06
      148040
     -112187
    -711.657
      484601
      187059
     -879232
      758522
      141950
     -786845
     -575570
     -438500
     -130194
    -21590.2
    -24683.6
 -1.8632e+06
      753238
      810865
     -640810
     -304123
      420860
      441592
     -488979
     -413832
-1.08635e+06
     -335825
      203981
 -1.1952e+06
     42207.3
     -112478
      -95273
      330043
     -283263
      323723
     -462667
     -398571
       59660
     -209480
     -505012
     -633448
 1.43359e+06
     -112258
     -458669
      724452
      144797
     -101260
     -501218
      313651
      198819
      495626
      673370
    -11335.8
    -8095.39
      390508
     -108648
    -8707.23
     -587879
     -216889
      222392
      566638
 1.02271e+06
     3408.31
     2994.34
 1.12165e+06
      467060
     -477616
      111261
     -835053
      114726
    -76247.7
     -126679
      105984
      297830
      2992.8
     81736.5
     97434.8
      708555
 -2.2498e+06
    -34870.4
     -900732
     -761757
      136596
-1.99908e+06
    -34188.6
     6251.02
     -461960
     -724867
     -769511
     47430.7
  1.5158e+06
     -977190
