1461.31 2922.62 4383.93 5845.24 7306.55 8767.85 10229.2 11690.5 13151.8 14613.1 16074.4 17535.7   18997 20458.3 21919.6 23380.9 24842.3 26303.6 27764.9 29226.2 30687.5 32148.8 33610.1 35071.4 36532.7   37994 39455.3 40916.7   42378 43839.3
1460.46 2920.93 4381.39 5841.85 7302.32 8762.78 10223.2 11683.7 13144.2 14604.6 16065.1 17525.6   18986 20446.5   21907 23367.4 24827.9 26288.3 27748.8 29209.3 30669.7 32130.2 33590.7 35051.1 36511.6 37972.1 39432.5   40893 42353.5   43814
1443.63 2887.26 4330.88 5774.51 7218.14 8661.77 10105.4   11549 12992.7 14436.3 15879.9 17323.5 18767.2 20210.8 21654.4 23098.1 24541.7 25985.3 27428.9 28872.6 30316.2 31759.8 33203.5 34647.1 36090.7 37534.3   38978 40421.6 41865.4 43310.5
1248.57 2497.14 3745.71 4994.28 6242.84 7491.41 8739.98 9988.55 11237.1 12485.7 13734.3 14982.8 16231.4   17480 18728.5 19977.1 21225.7 22474.2 23722.8 24971.4 26219.9 27468.5 28717.1 29965.7 31214.2 32462.8 33711.4 34960.1 36209.8 37469.4
834.592 1669.18 2503.78 3338.37 4172.96 5007.55 5842.15 6676.74 7511.33 8345.92 9180.52 10015.1 10849.7 11684.3 12518.9 13353.5 14188.1 15022.7 15857.3 16691.8 17526.4   18361 19195.6 20030.2 20864.8 21699.4   22534 23368.8 24204.8 25053.7
482.846 965.692 1448.54 1931.38 2414.23 2897.07 3379.92 3862.77 4345.61 4828.46  5311.3 5794.15 6276.99 6759.84 7242.69 7725.53 8208.38 8691.22 9174.07 9656.92 10139.8 10622.6 11105.5 11588.3 12071.1   12554 13036.9 13519.8   14004 14499.8
273.477 546.953  820.43 1093.91 1367.38 1640.86 1914.34 2187.81 2461.29 2734.77 3008.24 3281.72  3555.2 3828.67 4102.15 4375.62  4649.1 4922.58 5196.05 5469.53 5743.01 6016.48 6289.96 6563.44 6836.91 7110.39 7383.88 7657.46 7931.97 8215.43
 177.43 354.861 532.291 709.721 887.152 1064.58 1242.01 1419.44 1596.87  1774.3 1951.73 2129.16 2306.59 2484.02 2661.45 2838.89 3016.32 3193.75 3371.18 3548.61 3726.04 3903.47  4080.9 4258.33 4435.76 4613.19 4790.63 4968.12  5146.2 5331.22
130.005  260.01 390.015 520.021 650.026 780.031 910.036 1040.04 1170.05 1300.05 1430.06 1560.06 1690.07 1820.07 1950.08 2080.08 2210.09 2340.09  2470.1  2600.1 2730.11 2860.11 2990.12 3120.12 3250.13 3380.13 3510.14 3640.13 3770.47 3908.94
107.799 215.597 323.396 431.195 538.993 646.792 754.591 862.389 970.188 1077.99 1185.79 1293.58 1401.38 1509.18 1616.98 1724.78 1832.58 1940.38 2048.17 2155.97 2263.77 2371.57 2479.37 2587.17 2694.97 2802.76 2910.54 3018.15  3126.5 3248.35
94.5357 189.071 283.607 378.143 472.679 567.214  661.75 756.286 850.822 945.357 1039.89 1134.43 1228.96  1323.5 1418.04 1512.57 1607.11 1701.64 1796.18 1890.71 1985.25 2079.79 2174.32 2268.86 2363.39 2457.92 2552.34 2646.35 2743.58 2863.45
86.8595 173.719 260.579 347.438 434.298 521.157 608.017 694.876 781.736 868.595 955.455 1042.31 1129.17 1216.03 1302.89 1389.75 1476.61 1563.47 1650.33 1737.19 1824.05 1910.91 1997.77 2084.63 2171.48 2258.31 2344.92 2431.37 2525.54 2652.57
83.4272 166.854 250.282 333.709 417.136 500.563  583.99 667.418 750.845 834.272 917.699 1001.13 1084.55 1167.98 1251.41 1334.84 1418.26 1501.69 1585.12 1668.54 1751.97  1835.4 1918.83 2002.25 2085.67 2169.04 2252.07 2336.22 2433.41 2573.72
81.2502   162.5 243.751 325.001 406.251 487.501 568.752 650.002 731.252 812.502 893.752 975.003 1056.25  1137.5 1218.75    1300 1381.25  1462.5 1543.75    1625 1706.25  1787.5 1868.75    1950 2031.24 2112.39 2193.25 2277.87 2382.73 2538.61
80.1149  160.23 240.345 320.459 400.574 480.689 560.804 640.919 721.034 801.149 881.264 961.378 1041.49 1121.61 1201.72 1281.84 1361.95 1442.07 1522.18  1602.3 1682.41 1762.53 1842.64 1922.75 2002.85 2082.79 2162.88 2250.07 2367.03  2538.3
79.6657 159.331 238.997 318.663 398.328 477.994  557.66 637.325 716.991 796.657 876.322 955.988 1035.65 1115.32 1194.99 1274.65 1354.32 1433.98 1513.65 1593.31 1672.98 1752.64 1832.31 1911.97 1991.59 2070.93 2151.45 2243.13 2375.13 2560.76
79.7019 159.404 239.106 318.808  398.51 478.212 557.914 637.615 717.317 797.019 876.721 956.423 1036.13 1115.83 1195.53 1275.23 1354.93 1434.63 1514.34 1594.04 1673.74 1753.44 1833.14 1912.83 1992.43 2071.63 2153.79 2253.56 2402.28 2600.37
79.8916 159.783 239.675 319.567 399.458  479.35 559.241 639.133 719.025 798.916 878.808   958.7 1038.59 1118.48 1198.37 1278.27 1358.16 1438.05 1517.94 1597.83 1677.72 1757.62  1837.5 1917.37 1997.02  2076.5 2161.49    2273 2438.34  2646.6
 80.124 160.248 240.372 320.496  400.62 480.744 560.868 640.992 721.116  801.24 881.364 961.488 1041.61 1121.74 1201.86 1281.98 1362.11 1442.23 1522.36 1602.48  1682.6 1762.73 1842.84 1922.91 2002.62 2082.77  2172.1 2298.39 2479.14  2696.1
80.3055 160.611 240.916 321.222 401.527 481.833 562.138 642.444 722.749 803.055  883.36 963.665 1043.97 1124.28 1204.58 1284.89 1365.19  1445.5  1525.8 1606.11 1686.41 1766.72 1847.01  1927.2 2006.87 2088.31 2184.81 2327.96  2522.2 2746.33
80.4374 160.875 241.312 321.749 402.187 482.624 563.062 643.499 723.936 804.374 884.811 965.248 1045.69 1126.12 1206.56    1287 1367.44 1447.87 1528.31 1608.75 1689.18 1769.62 1850.03 1930.24 2009.94  2093.8  2200.9 2361.12 2566.42 2795.83
80.5243 161.049 241.573 322.097 402.622 483.146  563.67 644.195 724.719 805.243 885.768 966.292 1046.82 1127.34 1207.87 1288.39 1368.91 1449.44 1529.96 1610.49 1691.01 1771.53    1852 1932.11 2012.16 2099.84  2221.1 2397.13  2611.5 2844.35
80.5692 161.138 241.708 322.277 402.846 483.415 563.984 644.553 725.123 805.692 886.261  966.83  1047.4 1127.97 1208.54 1289.11 1369.68 1450.25 1530.81 1611.38 1691.95 1772.51 1852.98 1932.88 2013.83 2107.57  2245.2 2435.39 2657.45 2892.29
80.5919 161.184 241.776 322.368  402.96 483.552 564.144 644.736 725.328 805.919 886.511 967.103  1047.7 1128.29 1208.88 1289.47 1370.06 1450.66 1531.25 1611.84 1692.43    1773  1853.4 1933.13 2016.08 2119.37 2274.17  2476.2 2704.13 2940.13
80.6034 161.207  241.81 322.414 403.017 483.621 564.224 644.827 725.431 806.034 886.638 967.241 1047.84 1128.45 1209.05 1289.65 1370.26 1450.86 1531.46 1612.07 1692.67 1773.23 1853.47 1933.39 2019.67 2136.16 2307.22 2518.86 2750.78  2987.4
80.6092 161.218 241.828 322.437 403.046 483.655 564.264 644.874 725.483 806.092 886.701  967.31 1047.92 1128.53 1209.14 1289.75 1370.36 1450.97 1531.57 1612.18 1692.78 1773.31 1853.33 1933.92 2025.34 2157.51 2343.36 2563.15 2797.46 3034.41
 80.612 161.224 241.836 322.448  403.06 483.672 564.284 644.896 725.508  806.12 886.732 967.344 1047.96 1128.57 1209.18 1289.79  1370.4 1451.02 1531.63 1612.24 1692.83 1773.28 1853.07 1935.25 2035.16 2184.42 2382.92 2609.16 2844.84 3081.94
80.6136 161.227 241.841 322.454 403.068 483.681 564.295 644.909 725.522 806.136 886.749 967.363 1047.98 1128.59  1209.2 1289.82 1370.43 1451.04 1531.66 1612.27 1692.84 1773.16    1853 1938.04 2049.96 2215.96 2424.67  2655.5 2891.95 3129.14
80.6145 161.229 241.844 322.458 403.073 483.687 564.302 644.916 725.531 806.145  886.76 967.375 1047.99  1128.6 1209.22 1289.83 1370.45 1451.06 1531.67 1612.28 1692.83 1772.93 1853.24  1942.7 2069.58 2250.89 2468.21 2701.89 2938.74 3175.97
80.6143 161.229 241.843 322.457 403.071 483.686   564.3 644.914 725.529 806.143 886.757 967.371 1047.99  1128.6 1209.21 1289.83 1370.44 1451.06 1531.67 1612.27 1692.75 1772.61 1854.12 1950.91 2094.68 2289.37 2513.74 2749.05  2986.1 3223.36
