-8.088700000000000045e+02
-6.771599999999999682e+02
-7.969800000000000182e+02
-8.603300000000000409e+02
-1.008490000000000009e+03
-8.617300000000000182e+02
-7.083700000000000045e+02
-7.259299999999999500e+02
-8.793799999999999955e+02
-6.187200000000000273e+02
-8.711900000000000546e+02
-6.534400000000000546e+02
-1.010860000000000014e+03
-1.159410000000000082e+03
-1.003909999999999968e+03
-1.018409999999999968e+03
-1.025029999999999973e+03
-1.174990000000000009e+03
-7.680199999999999818e+02
-5.963500000000000227e+02
-1.177160000000000082e+03
-9.142000000000000455e+02
-1.155529999999999973e+03
-1.168839999999999918e+03
-1.017370000000000005e+03
-1.163140000000000100e+03
-1.029750000000000000e+03
-1.028250000000000000e+03
-8.718600000000000136e+02
-9.525700000000000500e+02
-9.534900000000000091e+02
-1.104569999999999936e+03
-8.310599999999999454e+02
-1.157460000000000036e+03
-1.107819999999999936e+03
-9.808200000000000500e+02
-9.733200000000000500e+02
-1.096089999999999918e+03
-9.535299999999999727e+02
-9.565099999999999909e+02
-6.672799999999999727e+02
-9.580499999999999545e+02
-7.995199999999999818e+02
-8.167000000000000455e+02
-1.304309999999999945e+03
-8.728799999999999955e+02
-8.600099999999999909e+02
-8.034600000000000364e+02
-9.745000000000000000e+02
-1.305319999999999936e+03
-1.018950000000000045e+03
-8.602599999999999909e+02
-6.930099999999999909e+02
-1.160569999999999936e+03
-1.161230000000000018e+03
-1.402970000000000027e+03
-1.276160000000000082e+03
-1.270079999999999927e+03
-1.391769999999999982e+03
-1.395150000000000091e+03
-1.109980000000000018e+03
-1.132960000000000036e+03
-9.711499999999999773e+02
-1.256769999999999982e+03
-1.099750000000000000e+03
-1.331789999999999964e+03
-1.254619999999999891e+03
-1.242470000000000027e+03
-1.251240000000000009e+03
-1.393450000000000045e+03
-1.251259999999999991e+03
-1.245180000000000064e+03
-1.086740000000000009e+03
-1.255970000000000027e+03
-1.131380000000000109e+03
-1.253730000000000018e+03
-1.306460000000000036e+03
-1.121329999999999927e+03
-9.667100000000000364e+02
-1.255269999999999982e+03
-1.099930000000000064e+03
-9.807599999999999909e+02
-8.616200000000000045e+02
-8.847699999999999818e+02
-1.119240000000000009e+03
-1.113960000000000036e+03
-1.167690000000000055e+03
-1.153750000000000000e+03
-1.017720000000000027e+03
-1.275789999999999964e+03
-1.159279999999999973e+03
-1.277369999999999891e+03
-1.102460000000000036e+03
-1.267250000000000000e+03
-1.152680000000000064e+03
-1.160910000000000082e+03
-1.131720000000000027e+03
-1.262440000000000055e+03
-1.310130000000000109e+03
-1.105279999999999973e+03
-1.122730000000000018e+03
-1.118319999999999936e+03
-1.118529999999999973e+03
-1.271119999999999891e+03
-1.013399999999999977e+03
-1.023889999999999986e+03
-8.623400000000000318e+02
-1.018009999999999991e+03
-1.119259999999999991e+03
-1.153430000000000064e+03
-9.937000000000000455e+02
-1.120220000000000027e+03
-9.885099999999999909e+02
-9.883400000000000318e+02
-9.726399999999999864e+02
-8.101699999999999591e+02
-9.776699999999999591e+02
-8.505499999999999545e+02
-8.524199999999999591e+02
-9.946799999999999500e+02
-1.459470000000000027e+03
-1.318450000000000045e+03
-1.158130000000000109e+03
-1.317700000000000045e+03
-1.472599999999999909e+03
-1.157450000000000045e+03
-1.455849999999999909e+03
-1.300089999999999918e+03
-1.163190000000000055e+03
-9.475399999999999636e+02
-1.458289999999999964e+03
-1.458119999999999891e+03
-1.306230000000000018e+03
-1.455339999999999918e+03
-1.300049999999999955e+03
-1.454380000000000109e+03
-1.339000000000000000e+03
-1.088230000000000018e+03
-1.197039999999999964e+03
-1.324079999999999927e+03
-1.322480000000000018e+03
-1.324019999999999982e+03
-1.315900000000000091e+03
-1.316140000000000100e+03
-1.323740000000000009e+03
-1.325940000000000055e+03
-1.453109999999999900e+03
-1.321119999999999891e+03
-1.173809999999999945e+03
-1.018129999999999995e+03
-1.470789999999999964e+03
-1.062900000000000091e+03
-9.032300000000000182e+02
-1.328890000000000100e+03
-1.067190000000000055e+03
-1.327299999999999955e+03
-1.065619999999999891e+03
-1.455680000000000064e+03
-1.471150000000000091e+03
-1.474900000000000091e+03
-1.210470000000000027e+03
-1.174660000000000082e+03
-9.024400000000000546e+02
-1.472019999999999982e+03
-1.210269999999999982e+03
-1.464450000000000045e+03
-1.315049999999999955e+03
-1.466400000000000091e+03
-1.453579999999999927e+03
-1.325980000000000018e+03
-1.169329999999999927e+03
-1.459289999999999964e+03
-1.313490000000000009e+03
-1.318730000000000018e+03
-1.466119999999999891e+03
-1.319450000000000045e+03
-1.161869999999999891e+03
-1.070700000000000045e+03
-1.321299999999999955e+03
-1.600109999999999900e+03
-1.323380000000000109e+03
-1.063440000000000055e+03
-9.259099999999999682e+02
-1.325849999999999909e+03
-1.170420000000000073e+03
-9.499099999999999682e+02
-1.128500000000000000e+03
-1.006350000000000023e+03
-1.268150000000000091e+03
-1.125259999999999991e+03
-1.602069999999999936e+03
-1.250329999999999927e+03
-1.253180000000000064e+03
-1.254339999999999918e+03
-1.249869999999999891e+03
-1.254210000000000036e+03
-1.254700000000000045e+03
-1.249450000000000045e+03
-1.100589999999999918e+03
-9.456100000000000136e+02
-1.400289999999999964e+03
-1.600269999999999982e+03
-1.123319999999999936e+03
-1.258460000000000036e+03
-1.132009999999999991e+03
-1.258279999999999973e+03
-1.131640000000000100e+03
-1.401119999999999891e+03
-1.406470000000000027e+03
-1.270059999999999945e+03
-1.104190000000000055e+03
-9.724900000000000091e+02
-1.194160000000000082e+03
-1.224990000000000009e+03
-1.706470000000000027e+03
-1.748559999999999945e+03
-1.400470000000000027e+03
-1.466690000000000055e+03
-1.498519999999999982e+03
-1.385890000000000100e+03
-1.287119999999999891e+03
-1.525900000000000091e+03
-1.687279999999999973e+03
-1.583119999999999891e+03
-1.488970000000000027e+03
-1.182230000000000018e+03
-1.229599999999999909e+03
-1.846220000000000027e+03
-1.723940000000000055e+03
-1.522920000000000073e+03
-1.585490000000000009e+03
-1.551089999999999918e+03
-1.793029999999999973e+03
-1.931490000000000009e+03
-1.292349999999999909e+03
-1.523339999999999918e+03
-1.261599999999999909e+03
-1.483470000000000027e+03
-1.343019999999999982e+03
-1.915819999999999936e+03
-1.312730000000000018e+03
-1.651960000000000036e+03
-1.851039999999999964e+03
-1.571730000000000018e+03
-1.352410000000000082e+03
-1.279099999999999909e+03
-1.697890000000000100e+03
-1.562660000000000082e+03
-1.792460000000000036e+03
-1.856829999999999927e+03
-1.166690000000000055e+03
-1.365500000000000000e+03
-1.767660000000000082e+03
-1.302589999999999918e+03
-1.602210000000000036e+03
-1.658099999999999909e+03
-9.274299999999999500e+02
-1.785390000000000100e+03
-1.525589999999999918e+03
-1.516140000000000100e+03
-1.291059999999999945e+03
-1.470390000000000100e+03
-1.574019999999999982e+03
-1.561799999999999955e+03
-1.524769999999999982e+03
-1.772930000000000064e+03
-1.658950000000000045e+03
-1.574250000000000000e+03
-1.437890000000000100e+03
-1.787240000000000009e+03
-1.343759999999999991e+03
-1.783700000000000045e+03
-1.335029999999999973e+03
-1.280750000000000000e+03
-1.129259999999999991e+03
-1.562119999999999891e+03
-1.384400000000000091e+03
-1.770089999999999918e+03
-1.218349999999999909e+03
-1.668150000000000091e+03
-1.439619999999999891e+03
-1.500640000000000100e+03
-1.560029999999999973e+03
-1.869000000000000000e+03
-1.707740000000000009e+03
-1.650269999999999982e+03
-1.982750000000000000e+03
-1.074920000000000073e+03
-1.984339999999999918e+03
-1.863900000000000091e+03
-1.243509999999999991e+03
-1.490849999999999909e+03
-1.497579999999999927e+03
-1.709140000000000100e+03
-1.928099999999999909e+03
-1.861329999999999927e+03
-1.853670000000000073e+03
-1.987299999999999955e+03
-1.492089999999999918e+03
-1.785130000000000109e+03
-1.706130000000000109e+03
-1.762400000000000091e+03
-1.164859999999999900e+03
-1.622309999999999945e+03
-1.633900000000000091e+03
-1.222660000000000082e+03
-1.915099999999999909e+03
-1.615460000000000036e+03
-1.480579999999999927e+03
-1.467539999999999964e+03
-1.911299999999999955e+03
-1.721170000000000073e+03
-1.339890000000000100e+03
-1.545089999999999918e+03
-1.636509999999999991e+03
-1.547700000000000045e+03
-1.522609999999999900e+03
-1.418390000000000100e+03
-1.568059999999999945e+03
-1.928819999999999936e+03
-1.638950000000000045e+03
-1.486630000000000109e+03
-1.604170000000000073e+03
-1.353269999999999982e+03
-1.696859999999999900e+03
-1.248500000000000000e+03
-1.476519999999999982e+03
-1.530420000000000073e+03
-1.700230000000000018e+03
-1.278259999999999991e+03
-1.251019999999999982e+03
-1.264369999999999891e+03
-1.347170000000000073e+03
-1.310730000000000018e+03
-1.445460000000000036e+03
-1.505789999999999964e+03
-1.221819999999999936e+03
-1.801049999999999955e+03
-1.735079999999999927e+03
-1.421470000000000027e+03
-1.356660000000000082e+03
-1.327089999999999918e+03
-1.292910000000000082e+03
-1.398259999999999991e+03
-1.565990000000000009e+03
-1.722829999999999927e+03
-1.441329999999999927e+03
-1.552430000000000064e+03
-1.609750000000000000e+03
-1.456390000000000100e+03
-1.148049999999999955e+03
-1.094859999999999900e+03
-1.501579999999999927e+03
-1.673890000000000100e+03
-1.541170000000000073e+03
-1.545309999999999945e+03
-1.926529999999999973e+03
-1.314009999999999991e+03
-1.776509999999999991e+03
-1.376329999999999927e+03
-1.337529999999999973e+03
-1.614609999999999900e+03
-1.585619999999999891e+03
-1.410059999999999945e+03
-1.472880000000000109e+03
-1.159980000000000018e+03
-1.481869999999999891e+03
-1.763119999999999891e+03
-1.465329999999999927e+03
-1.066529999999999973e+03
-1.256579999999999927e+03
-1.340279999999999973e+03
-2.060309999999999945e+03
-1.544230000000000018e+03
-1.648890000000000100e+03
-1.689019999999999982e+03
-1.406559999999999945e+03
-1.716279999999999973e+03
-1.377940000000000055e+03
-1.464529999999999973e+03
-1.428609999999999900e+03
-1.995549999999999955e+03
-9.262200000000000273e+02
-1.447420000000000073e+03
-1.510240000000000009e+03
-1.357609999999999900e+03
-1.552779999999999973e+03
-1.608799999999999955e+03
-1.474099999999999909e+03
-1.891500000000000000e+03
-1.409990000000000009e+03
-1.163990000000000009e+03
-1.592000000000000000e+03
-1.539970000000000027e+03
-1.265799999999999955e+03
-1.564259999999999991e+03
-1.515019999999999982e+03
-1.546829999999999927e+03
-1.470470000000000027e+03
-1.924829999999999927e+03
-1.623490000000000009e+03
-1.604099999999999909e+03
-1.496519999999999982e+03
-1.337430000000000064e+03
-1.492609999999999900e+03
-1.698660000000000082e+03
-1.282990000000000009e+03
-1.354289999999999964e+03
-1.711099999999999909e+03
-1.374259999999999991e+03
-1.850309999999999945e+03
-1.432640000000000100e+03
-1.768680000000000064e+03
-1.419259999999999991e+03
-1.519269999999999982e+03
-1.247460000000000036e+03
-1.713470000000000027e+03
-1.547660000000000082e+03
-1.259049999999999955e+03
-1.545289999999999964e+03
-1.586369999999999891e+03
-1.616049999999999955e+03
-1.571140000000000100e+03
-1.581980000000000018e+03
-1.305660000000000082e+03
-1.396150000000000091e+03
-1.484650000000000091e+03
-1.653819999999999936e+03
-1.804980000000000018e+03
-1.550299999999999955e+03
-1.251809999999999945e+03
-1.607190000000000055e+03
-1.553049999999999955e+03
-1.241549999999999955e+03
-1.347519999999999982e+03
-1.497920000000000073e+03
-1.511960000000000036e+03
-1.405809999999999945e+03
-4.048799999999999955e+02
-1.448289999999999964e+03
-1.914180000000000064e+03
-1.546779999999999973e+03
-1.652539999999999964e+03
-1.388299999999999955e+03
-1.453640000000000100e+03
-1.673869999999999891e+03
-1.616920000000000073e+03
-1.846849999999999909e+03
-1.551900000000000091e+03
-1.551140000000000100e+03
-1.123240000000000009e+03
-1.243970000000000027e+03
-1.577759999999999991e+03
-1.608460000000000036e+03
-1.477119999999999891e+03
-1.524309999999999945e+03
-1.433769999999999982e+03
-1.400349999999999909e+03
-1.755730000000000018e+03
-1.475490000000000009e+03
-1.406190000000000055e+03
-1.557430000000000064e+03
-1.539579999999999927e+03
-1.724519999999999982e+03
-1.568849999999999909e+03
-1.481859999999999900e+03
-1.912619999999999891e+03
-1.845960000000000036e+03
-1.630519999999999982e+03
-1.455259999999999991e+03
-1.796859999999999900e+03
-1.723269999999999982e+03
-1.849750000000000000e+03
-1.395519999999999982e+03
-1.720339999999999918e+03
-1.278789999999999964e+03
-1.907960000000000036e+03
-1.541150000000000091e+03
-1.654000000000000000e+03
-1.919000000000000000e+03
-1.928049999999999955e+03
-1.427609999999999900e+03
-1.713859999999999900e+03
-1.278250000000000000e+03
-1.609730000000000018e+03
-1.323670000000000073e+03
-1.533339999999999918e+03
-1.415769999999999982e+03
-1.611500000000000000e+03
-1.378329999999999927e+03
-1.499519999999999982e+03
-1.538279999999999973e+03
-1.767950000000000045e+03
-1.462740000000000009e+03
-1.648630000000000109e+03
-1.776930000000000064e+03
-1.570799999999999955e+03
-1.913049999999999955e+03
-1.781329999999999927e+03
-1.390279999999999973e+03
-1.482359999999999900e+03
-1.608069999999999936e+03
-1.449589999999999918e+03
-1.520730000000000018e+03
-1.264349999999999909e+03
-1.716140000000000100e+03
-1.444599999999999909e+03
-1.909910000000000082e+03
-1.710059999999999945e+03
-1.867099999999999909e+03
-1.707700000000000045e+03
-1.565940000000000055e+03
-1.799099999999999909e+03
-1.450049999999999955e+03
-1.161779999999999973e+03
-1.587240000000000009e+03
-1.430170000000000073e+03
-1.777609999999999900e+03
-1.693640000000000100e+03
-1.704230000000000018e+03
-2.057829999999999927e+03
-1.786829999999999927e+03
-1.750900000000000091e+03
-1.331799999999999955e+03
-1.583009999999999991e+03
-1.575750000000000000e+03
-1.293390000000000100e+03
-1.583829999999999927e+03
-1.352200000000000045e+03
-1.410160000000000082e+03
-1.544059999999999945e+03
-1.529279999999999973e+03
-1.240319999999999936e+03
-1.567569999999999936e+03
-1.265450000000000045e+03
-1.369730000000000018e+03
-1.123859999999999900e+03
-1.441519999999999982e+03
-1.547400000000000091e+03
-1.530769999999999982e+03
-1.213240000000000009e+03
-1.412140000000000100e+03
-1.641319999999999936e+03
-1.452519999999999982e+03
-1.890910000000000082e+03
-1.280549999999999955e+03
-1.761930000000000064e+03
-1.617849999999999909e+03
-1.783890000000000100e+03
-1.659099999999999909e+03
-1.304849999999999909e+03
-1.706440000000000055e+03
-1.619779999999999973e+03
-1.589289999999999964e+03
-1.377109999999999900e+03
-1.635470000000000027e+03
-1.542170000000000073e+03
-1.455950000000000045e+03
-1.446660000000000082e+03
-1.354710000000000036e+03
-1.222339999999999918e+03
-1.685559999999999945e+03
-1.316190000000000055e+03
-1.395369999999999891e+03
-1.734670000000000073e+03
-1.628750000000000000e+03
-1.486500000000000000e+03
-1.386809999999999945e+03
-1.650660000000000082e+03
-1.615420000000000073e+03
-1.459539999999999964e+03
-1.423210000000000036e+03
-1.176140000000000100e+03
-1.698180000000000064e+03
-1.710529999999999973e+03
-1.524079999999999927e+03
-1.602049999999999955e+03
-1.785210000000000036e+03
-1.657380000000000109e+03
-1.652519999999999982e+03
-1.345319999999999936e+03
-1.576839999999999918e+03
-1.675410000000000082e+03
-1.138180000000000064e+03
-1.423049999999999955e+03
-1.852779999999999973e+03
-1.303420000000000073e+03
-1.545910000000000082e+03
-1.359119999999999891e+03
-1.708980000000000018e+03
-1.427009999999999991e+03
-1.635750000000000000e+03
-1.703789999999999964e+03
-2.055960000000000036e+03
-1.722740000000000009e+03
-1.911440000000000055e+03
-1.790480000000000018e+03
-1.385180000000000064e+03
-1.624579999999999927e+03
-1.312230000000000018e+03
-1.782839999999999918e+03
-1.891759999999999991e+03
-1.704089999999999918e+03
-1.392240000000000009e+03
-1.584849999999999909e+03
-1.319410000000000082e+03
-1.781250000000000000e+03
-1.897519999999999982e+03
-1.485730000000000018e+03
-1.311599999999999909e+03
-1.334869999999999891e+03
-1.551130000000000109e+03
-1.262990000000000009e+03
-1.759890000000000100e+03
-1.633099999999999909e+03
-1.787539999999999964e+03
-1.767500000000000000e+03
-1.383099999999999909e+03
-1.609940000000000055e+03
-1.718440000000000055e+03
-1.788359999999999900e+03
-1.274289999999999964e+03
-1.524509999999999991e+03
-1.700430000000000064e+03
-1.934119999999999891e+03
-1.740700000000000045e+03
-1.317190000000000055e+03
-1.231289999999999964e+03
-1.299279999999999973e+03
-1.639579999999999927e+03
-2.063639999999999873e+03
-1.597150000000000091e+03
-1.785359999999999900e+03
-1.580299999999999955e+03
-1.505930000000000064e+03
-1.789000000000000000e+03
-1.857180000000000064e+03
-1.088849999999999909e+03
-1.464700000000000045e+03
-1.361680000000000064e+03
-1.585420000000000073e+03
-1.368529999999999973e+03
-1.606140000000000100e+03
-1.224150000000000091e+03
-1.700730000000000018e+03
-1.659750000000000000e+03
-1.228400000000000091e+03
-1.399789999999999964e+03
-1.352789999999999964e+03
-1.762619999999999891e+03
-1.408569999999999936e+03
-1.706049999999999955e+03
-1.651849999999999909e+03
-1.256299999999999955e+03
-1.548930000000000064e+03
-1.305650000000000091e+03
-1.583200000000000045e+03
-1.908460000000000036e+03
-1.792730000000000018e+03
-1.530369999999999891e+03
-1.652720000000000027e+03
-1.916970000000000027e+03
-1.571529999999999973e+03
-2.050289999999999964e+03
-1.612670000000000073e+03
-1.461619999999999891e+03
-1.640230000000000018e+03
-1.783359999999999900e+03
-1.419640000000000100e+03
-1.311109999999999900e+03
-1.401670000000000073e+03
-1.908049999999999955e+03
-1.411089999999999918e+03
-1.656279999999999973e+03
-1.921480000000000018e+03
-1.508170000000000073e+03
-1.776319999999999936e+03
-1.161480000000000018e+03
-2.046220000000000027e+03
-1.913009999999999991e+03
-1.613789999999999964e+03
-1.712950000000000045e+03
-1.617039999999999964e+03
-1.782240000000000009e+03
-1.801359999999999900e+03
-1.920210000000000036e+03
-1.423509999999999991e+03
-1.471269999999999982e+03
-1.870480000000000018e+03
-1.579680000000000064e+03
-1.552410000000000082e+03
-1.695670000000000073e+03
-1.304710000000000036e+03
-1.709779999999999973e+03
-1.411440000000000055e+03
-1.291900000000000091e+03
-1.518180000000000064e+03
-1.761930000000000064e+03
-1.249799999999999955e+03
-1.586910000000000082e+03
-1.848970000000000027e+03
-1.521299999999999955e+03
-1.374579999999999927e+03
-1.615950000000000045e+03
-1.309579999999999927e+03
-1.790950000000000045e+03
-1.324420000000000073e+03
-1.434210000000000036e+03
-1.442990000000000009e+03
-1.624970000000000027e+03
-1.898910000000000082e+03
-1.633950000000000045e+03
-9.810499999999999545e+02
-1.368019999999999982e+03
-1.921450000000000045e+03
-1.914869999999999891e+03
-1.493940000000000055e+03
-1.643819999999999936e+03
-1.246349999999999909e+03
-1.699519999999999982e+03
-1.486420000000000073e+03
-1.397500000000000000e+03
-1.221640000000000100e+03
-1.847069999999999936e+03
-1.467660000000000082e+03
-1.904029999999999973e+03
-1.852750000000000000e+03
-1.651369999999999891e+03
-1.185200000000000045e+03
-1.661829999999999927e+03
-1.567549999999999955e+03
-1.761220000000000027e+03
-1.750390000000000100e+03
-1.754099999999999909e+03
-1.766880000000000109e+03
-1.619369999999999891e+03
-1.293700000000000045e+03
-1.623380000000000109e+03
-1.716119999999999891e+03
-1.449890000000000100e+03
-1.686220000000000027e+03
-1.405329999999999927e+03
-1.639369999999999891e+03
-1.278589999999999918e+03
-1.632190000000000055e+03
-1.664279999999999973e+03
-1.659990000000000009e+03
-1.501130000000000109e+03
-1.672420000000000073e+03
-1.301039999999999964e+03
-1.658130000000000109e+03
-1.352819999999999936e+03
-1.514309999999999945e+03
-1.716269999999999982e+03
-1.210259999999999991e+03
-1.549519999999999982e+03
-1.761470000000000027e+03
-1.362799999999999955e+03
-1.415289999999999964e+03
-1.770269999999999982e+03
-1.509539999999999964e+03
-1.671519999999999982e+03
-1.732119999999999891e+03
-1.514970000000000027e+03
-1.538410000000000082e+03
-1.464900000000000091e+03
-1.609119999999999891e+03
-1.480359999999999900e+03
-1.355730000000000018e+03
-1.505880000000000109e+03
-1.198319999999999936e+03
-1.904940000000000055e+03
-1.781680000000000064e+03
-1.345730000000000018e+03
-1.587859999999999900e+03
-1.787779999999999973e+03
-1.752279999999999973e+03
-1.710519999999999982e+03
-1.307460000000000036e+03
-1.768200000000000045e+03
-1.326279999999999973e+03
-1.343039999999999964e+03
-1.421769999999999982e+03
-1.009940000000000055e+03
-1.574880000000000109e+03
-1.694049999999999955e+03
-1.286230000000000018e+03
-1.990670000000000073e+03
-1.088490000000000009e+03
-1.668940000000000055e+03
-1.414019999999999982e+03
-1.548920000000000073e+03
-1.905450000000000045e+03
-1.915380000000000109e+03
-1.300240000000000009e+03
-1.211559999999999945e+03
-1.861900000000000091e+03
-1.721819999999999936e+03
-2.062099999999999909e+03
-1.340190000000000055e+03
-1.258680000000000064e+03
-1.350240000000000009e+03
-1.785509999999999991e+03
-1.576920000000000073e+03
-1.552490000000000009e+03
-1.248650000000000091e+03
-1.262960000000000036e+03
-1.343910000000000082e+03
-1.525839999999999918e+03
-1.600289999999999964e+03
-1.306829999999999927e+03
-1.659359999999999900e+03
-1.707599999999999909e+03
-1.217829999999999927e+03
-1.776259999999999991e+03
-1.746710000000000036e+03
-1.712220000000000027e+03
-1.402190000000000055e+03
-1.288099999999999909e+03
-1.202769999999999982e+03
-1.662200000000000045e+03
-1.432809999999999945e+03
-1.472599999999999909e+03
-1.841250000000000000e+03
-1.707170000000000073e+03
-1.318170000000000073e+03
-1.585400000000000091e+03
-1.318809999999999945e+03
-2.046140000000000100e+03
-1.491690000000000055e+03
-1.328680000000000064e+03
-1.864230000000000018e+03
-1.700910000000000082e+03
-1.763369999999999891e+03
-1.794670000000000073e+03
-1.366250000000000000e+03
-1.163529999999999973e+03
-1.849990000000000009e+03
-1.691769999999999982e+03
-1.762759999999999991e+03
-1.527089999999999918e+03
-1.584430000000000064e+03
-1.795049999999999955e+03
-1.928180000000000064e+03
-1.585539999999999964e+03
-1.092619999999999891e+03
-1.788339999999999918e+03
-1.338980000000000018e+03
-1.623700000000000045e+03
-1.495039999999999964e+03
-1.767710000000000036e+03
-1.638970000000000027e+03
-1.429630000000000109e+03
-1.768130000000000109e+03
-1.846690000000000055e+03
-1.843660000000000082e+03
-1.935490000000000009e+03
-1.285680000000000064e+03
-1.266380000000000109e+03
-1.602519999999999982e+03
-1.487349999999999909e+03
-1.621319999999999936e+03
-1.594390000000000100e+03
-1.612119999999999891e+03
-1.057900000000000091e+03
-1.854700000000000045e+03
-1.759369999999999891e+03
-2.048730000000000018e+03
-1.600690000000000055e+03
-1.747920000000000073e+03
-1.101339999999999918e+03
-1.383970000000000027e+03
-1.774480000000000018e+03
-1.243839999999999918e+03
-1.717859999999999900e+03
-1.913200000000000045e+03
-1.846900000000000091e+03
-1.847460000000000036e+03
-1.254109999999999900e+03
-1.607769999999999982e+03
-1.435279999999999973e+03
-1.918609999999999900e+03
-1.694029999999999973e+03
-1.636059999999999945e+03
-1.605630000000000109e+03
-1.606289999999999964e+03
-1.428630000000000109e+03
-1.221450000000000045e+03
-1.658099999999999909e+03
-1.996759999999999991e+03
-1.372900000000000091e+03
-1.804670000000000073e+03
-2.046509999999999991e+03
-2.062030000000000200e+03
-1.513400000000000091e+03
-1.424250000000000000e+03
-1.657650000000000091e+03
-1.566269999999999982e+03
-1.644119999999999891e+03
-1.784099999999999909e+03
-1.543109999999999900e+03
-1.213869999999999891e+03
-1.160269999999999982e+03
-1.362519999999999982e+03
-1.655170000000000073e+03
-1.251200000000000045e+03
-1.847049999999999955e+03
-1.458089999999999918e+03
-1.640400000000000091e+03
-1.375990000000000009e+03
-1.343029999999999973e+03
-1.242880000000000109e+03
-1.396279999999999973e+03
-1.375589999999999918e+03
-1.309470000000000027e+03
-1.630900000000000091e+03
-1.580849999999999909e+03
-1.920359999999999900e+03
-1.536160000000000082e+03
-1.637289999999999964e+03
-1.581299999999999955e+03
-1.781920000000000073e+03
-1.328779999999999973e+03
-1.528710000000000036e+03
-1.559599999999999909e+03
-1.302069999999999936e+03
-1.482900000000000091e+03
-1.418410000000000082e+03
-1.786480000000000018e+03
-1.472920000000000073e+03
-1.632170000000000073e+03
-1.587579999999999927e+03
-1.761190000000000055e+03
-1.314509999999999991e+03
-1.430710000000000036e+03
-1.667660000000000082e+03
-5.642100000000000364e+02
-1.317480000000000018e+03
-1.296140000000000100e+03
-1.534190000000000055e+03
-1.445519999999999982e+03
-1.665779999999999973e+03
-1.917029999999999973e+03
-1.659269999999999982e+03
-1.321049999999999955e+03
-1.605880000000000109e+03
-1.505109999999999900e+03
-1.725049999999999955e+03
-1.779470000000000027e+03
-1.627099999999999909e+03
-1.519390000000000100e+03
-1.467549999999999955e+03
-1.680839999999999918e+03
-1.914109999999999900e+03
-1.245869999999999891e+03
-1.490559999999999945e+03
-1.587819999999999936e+03
-2.069400000000000091e+03
-1.704839999999999918e+03
-1.613380000000000109e+03
-1.389390000000000100e+03
-1.304670000000000073e+03
-1.647299999999999955e+03
-1.350180000000000064e+03
-1.348329999999999927e+03
-1.580759999999999991e+03
-1.778549999999999955e+03
-1.755190000000000055e+03
-1.550440000000000055e+03
-1.725970000000000027e+03
-1.514910000000000082e+03
-1.302609999999999900e+03
-1.564180000000000064e+03
-1.278450000000000045e+03
-1.330990000000000009e+03
-1.712180000000000064e+03
-1.486890000000000100e+03
-1.270230000000000018e+03
-1.416869999999999891e+03
-1.494430000000000064e+03
-1.902700000000000045e+03
-1.375130000000000109e+03
-1.776140000000000100e+03
-1.604059999999999945e+03
-1.466880000000000109e+03
-1.307990000000000009e+03
-1.727440000000000055e+03
-1.087960000000000036e+03
-1.323210000000000036e+03
-1.778200000000000045e+03
-1.481200000000000045e+03
-1.628480000000000018e+03
-1.276099999999999909e+03
-1.544380000000000109e+03
-1.904009999999999991e+03
-1.769380000000000109e+03
-1.242480000000000018e+03
-1.592579999999999927e+03
-1.226759999999999991e+03
-1.541819999999999936e+03
