537.704 363.843 352.162 351.364 351.317  351.33 351.342 351.345 351.345 351.345
428.748 218.073 201.464 201.069 201.321  201.92  202.84 203.585 203.773 203.795
355.266 152.311  133.29 134.385 137.834 149.817 177.881 213.326 247.273 259.944
365.668 235.126 220.688 230.067 243.577 277.644 457.524 951.391 1458.31 1764.99
506.061 421.162 375.989 349.925 351.429 388.978 450.346 651.627 1395.85 3194.23
651.307 584.924 558.167 541.969 542.182 585.691 671.726 718.494 838.351 1282.11
804.526 735.308 691.678 661.492 668.745 754.088 1080.92 1914.41 3539.75 5874.92
941.235 894.687 837.874 800.368 785.687 846.137 1050.86 1759.48 3721.49 9276.76
 1012.7 998.527 962.528 938.443 907.619 894.786 995.269 1310.33 2126.02 4583.76
1010.86 1040.71 1032.65 1000.35  997.57 1022.46 1016.28 1181.39  1843.2 3113.82
