-417.96
-712.42
-564.21
-404.88
-808.87
-677.16
-796.98
-860.33
-1008.49
-861.73
-708.37
-725.93
-879.38
-618.72
-871.19
-653.44
-1010.86
-1159.41
-1003.91
-1018.41
-1025.03
-1174.99
-768.02
-596.35
-1177.16
-914.20
-1155.53
-1168.84
-1017.37
-1163.14
-1029.75
-1028.25
-871.86
-952.57
-953.49
-1104.57
-831.06
-1157.46
-1107.82
-980.82
-973.32
-1096.09
-953.53
-956.51
-667.28
-958.05
-799.52
-816.70
-1304.31
-872.88
-860.01
-803.46
-974.50
-1305.32
-1018.95
-860.26
-693.01
-1160.57
-1161.23
-1402.97
-1276.16
-1270.08
-1391.77
-1395.15
-1109.98
-1132.96
-971.15
-1256.77
-1099.75
-1331.79
-1254.62
-1242.47
-1251.24
-1393.45
-1251.26
-1245.18
-1086.74
-1255.97
-1131.38
-1253.73
-1306.46
-1121.33
-966.71
-1255.27
-1099.93
-980.76
-861.62
-884.77
-1119.24
-1113.96
-1167.69
-1153.75
-1017.72
-1275.79
-1159.28
-1277.37
-1102.46
-1267.25
-1152.68
-1160.91
-1131.72
-1262.44
-1310.13
-1105.28
-1122.73
-1118.32
-1118.53
-1271.12
-1013.40
-1023.89
-862.34
-1018.01
-1119.26
-1153.43
-993.70
-1120.22
-988.51
-988.34
-972.64
-810.17
-977.67
-850.55
-852.42
-994.68
-1459.47
-1318.45
-1158.13
-1317.70
-1472.60
-1157.45
-1455.85
-1300.09
-1163.19
-947.54
-1458.29
-1458.12
-1306.23
-1455.34
-1300.05
-1454.38
-1339.00
-1088.23
-1197.04
-1324.08
-1322.48
-1324.02
-1315.90
-1316.14
-1323.74
-1325.94
-1453.11
-1321.12
-1173.81
-1018.13
-1470.79
-1062.90
-903.23
-1328.89
-1067.19
-1327.30
-1065.62
-1455.68
-1471.15
-1474.90
-1210.47
-1174.66
-902.44
-1472.02
-1210.27
-1464.45
-1315.05
-1466.40
-1453.58
-1325.98
-1169.33
-1459.29
-1313.49
-1318.73
-1466.12
-1319.45
-1161.87
-1070.70
-1321.30
-1600.11
-1323.38
-1063.44
-925.91
-1325.85
-1170.42
-949.91
-1128.50
-1006.35
-1268.15
-1125.26
-1602.07
-1250.33
-1253.18
-1254.34
-1249.87
-1254.21
-1254.70
-1249.45
-1100.59
-945.61
-1400.29
-1600.27
-1123.32
-1258.46
-1132.01
-1258.28
-1131.64
-1401.12
-1406.47
-1270.06
-1104.19
-972.49
-1194.16
-1602.28
-1751.20
-1595.95
-1317.08
-1230.14
-1213.24
-1468.00
-1462.74
-1482.80
-1485.76
-1750.70
-1484.87
-1488.47
-1343.76
-1348.10
-1496.52
-1257.13
-1639.58
-1242.67
-1105.67
-1217.23
-1750.53
-1472.00
-1124.15
-1503.98
-1129.26
-1383.11
-1206.68
-1363.99
-1335.73
-1481.17
-1484.50
-1748.56
-1353.02
-1220.23
-1220.99
-1621.35
-1621.36
-1361.02
-1615.55
-1622.21
-1619.70
-1637.38
-1750.74
-1621.18
-1621.32
-1387.37
-1612.56
-1613.95
-1635.94
-1492.60
-1497.07
-1614.97
-1620.31
-1749.36
-1386.11
-1255.94
-1363.69
-1347.89
-1324.33
-1614.89
-1489.58
-1620.54
-1608.80
-1242.71
-1750.35
-1487.92
-1381.68
-1266.02
-1082.20
-1222.72
-1223.35
-1361.98
-1253.88
-1620.88
-1471.27
-1895.91
-1317.17
-1490.75
-1225.47
-1481.86
-1490.56
-1622.97
-1494.92
-1385.72
-1267.44
-1486.89
-1894.96
-1366.64
-1230.06
-1620.26
-1617.81
-1469.62
-1314.51
-1619.05
-1612.35
-1611.45
-1464.04
-1894.91
-1311.90
-1619.42
-1623.38
-1615.87
-1471.88
-1314.50
-1473.01
-1472.82
-1617.95
-1320.97
-1896.03
-1600.75
-1766.60
-1058.34
-1224.22
-1220.44
-1053.94
-1360.57
-1062.67
-884.17
-1204.12
-1624.79
-1896.03
-1625.89
-1365.77
-1625.60
-1362.59
-1624.54
-1362.55
-1359.44
-1766.70
-1626.31
-1368.53
-1456.06
-1767.11
-1506.73
-1767.17
-1507.23
-1199.56
-1472.85
-1472.08
-1207.02
-1624.50
-1364.82
-1480.58
-1623.40
-1363.00
-1765.71
-1768.93
-1505.93
-1470.05
-1198.02
-1768.13
-1506.30
-1760.25
-1387.27
-1760.97
-1348.49
-1377.47
-1343.55
-1374.26
-1343.91
-1485.53
-1517.77
-1191.43
-1221.66
-1491.18
-1489.15
-1483.47
-1518.14
-1610.85
-1464.77
-1307.46
-1613.17
-1762.03
-1622.60
-1466.65
-1489.21
-1753.90
-1621.45
-1466.65
-1767.95
-1621.99
-1465.19
-1754.90
-963.04
-1361.99
-1370.83
-1632.17
-1371.88
-1246.59
-1640.73
-1510.68
-1105.98
-1636.46
-1637.73
-1508.82
-1205.73
-1332.39
-1603.59
-1351.27
-1480.12
-1481.64
-1346.96
-1509.69
-1478.64
-1613.97
-1610.87
-1616.39
-1621.33
-1451.07
-1487.82
-1624.37
-1623.21
-1466.31
-1754.89
-1763.55
-1617.04
-1459.54
-1632.24
-1638.56
-1626.96
-1615.66
-1252.07
-1640.40
-1502.58
-1514.71
-1370.03
-1504.00
-1467.09
-1329.86
-1350.08
-1354.37
-1351.31
-1472.15
-1372.90
-1187.63
-1483.97
-1612.39
-1465.22
-1309.73
-1482.66
-1217.97
-1379.40
-1485.72
-1631.67
-1486.28
-1249.22
-1357.40
-1257.51
-1481.40
-1373.65
-1615.68
-1485.61
-1609.73
-1490.87
-1614.45
-1472.92
-1613.82
-1609.71
-1480.93
-1610.20
-1452.85
-1761.46
-1616.19
-1458.86
-1631.75
-1618.56
-1760.75
-1618.53
-1464.53
-1615.42
-1460.05
-1630.90
-1362.85
-1624.59
-1502.55
-1493.29
-1361.68
-1239.23
-1631.59
-1368.01
-1631.67
-1369.95
-1623.94
-1503.06
-1340.55
-1496.03
-1493.76
-1364.62
-1366.25
-1206.25
-1325.03
-1326.70
-1042.24
-1174.42
-1485.21
-1341.60
-1177.65
-1489.69
-1475.90
-1323.05
-1484.15
-1641.27
-1356.66
-1499.81
-1499.26
-1388.77
-1099.62
-1247.32
-1628.48
-1256.19
-1506.90
-1488.97
-1254.78
-1246.41
-1490.31
-1619.14
-1359.05
-1488.22
-1224.15
-1628.19
-1482.03
-1221.45
-1493.05
-1619.83
-1357.68
-1487.24
-1224.46
-1477.67
-1317.40
-1158.30
-1600.59
-1620.42
-1484.52
-1324.42
-1482.23
-1323.22
-1326.82
-1160.48
-1621.73
-1466.18
-1637.27
-967.43
-1448.78
-785.04
-1112.08
-1495.00
-1494.17
-1337.98
-1480.89
-1216.27
-1492.50
-1335.94
-1357.47
-1604.07
-1363.56
-1369.80
-1208.21
-1372.15
-1214.56
-1231.06
-1336.05
-1339.00
-1183.71
-1246.86
-1446.88
-1274.65
-1396.44
-1410.15
-1413.82
-1419.26
-1273.24
-1424.24
-1567.83
-1289.46
-1429.71
-1605.65
-1359.51
-1222.66
-1365.17
-1191.44
-1404.56
-1206.60
-1415.17
-1211.77
-1285.91
-1224.69
-1606.04
-1551.39
-1550.73
-1418.62
-1553.26
-1548.92
-1545.83
-1428.79
-1307.56
-1567.57
-1427.98
-1455.95
-1288.11
-1430.25
-1552.94
-1427.91
-1553.32
-1304.97
-1565.10
-1420.82
-1425.41
-1547.77
-1151.70
-1427.89
-1551.14
-1249.56
-1550.18
-1342.69
-1246.47
-1287.92
-1427.68
-1550.30
-1425.60
-1474.75
-1363.65
-1221.98
-1221.82
-1348.07
-1552.80
-1401.66
-1246.32
-1350.52
-1215.49
-1351.42
-1316.15
-1353.17
-1224.23
-1289.94
-1553.16
-1424.25
-1365.50
-1221.77
-1349.17
-1546.36
-1548.78
-1465.90
-1774.46
-1401.67
-1243.86
-1549.18
-1545.47
-1397.50
-1244.20
-1549.87
-1552.41
-1545.42
-1400.01
-1312.50
-1242.64
-1399.79
-1401.11
-1546.22
-1248.94
-1696.13
-1287.12
-1280.22
-1124.79
-1420.96
-1316.09
-1555.89
-1555.85
-1431.09
-1556.24
-1433.53
-1423.20
-1555.51
-1432.27
-1423.14
-1419.66
-1149.24
-1696.16
-1555.96
-1429.87
-1697.69
-1567.07
-1698.71
-1572.05
-1565.84
-1402.56
-1402.82
-1606.19
-1275.89
-1269.98
-1554.08
-1427.56
-1553.44
-1426.74
-1696.04
-1700.91
-1565.57
-1398.16
-1450.68
-1268.01
-1699.08
-1573.23
-1565.94
-1687.56
-1548.78
-1550.87
-1688.85
-1248.18
-1247.44
-1155.35
-1389.49
-1092.62
-1390.28
-1690.79
-1123.74
-1283.65
-1123.24
-1403.46
-1408.02
-1409.33
-981.05
-1261.60
-1554.42
-1398.32
-1551.53
-1553.09
-1396.99
-1573.54
-1428.61
-1267.12
-1698.79
-1294.93
-1552.43
-1395.64
-1550.44
-1093.56
-1091.70
-1233.53
-1237.65
-1236.40
-1232.07
-1503.70
-1615.41
-1368.87
-1383.16
-1498.71
-1364.51
-1375.33
-1236.40
-1501.14
-1369.63
-1380.38
-1385.01
-1456.42
-1751.18
-1541.73
-1399.39
-1423.14
-1552.42
-1219.91
-1349.75
-1244.67
-1427.01
-1270.27
-1555.44
-1617.64
-1554.75
-1397.35
-1551.90
-1692.38
-1554.92
-1544.23
-1385.93
-1492.09
-1214.72
-1375.59
-1754.10
-1245.09
-1239.64
-1501.58
-1504.27
-1373.15
-1367.87
-1387.62
-1356.26
-1486.30
-1242.37
-1617.00
-1539.60
-1337.43
-1541.69
-1541.69
-1335.86
-1540.48
-1335.01
-1550.24
-1409.41
-1249.91
-1460.88
-1408.99
-1247.46
-1547.56
-1689.69
-1543.96
-1383.97
-1544.53
-1688.27
-1544.61
-1389.93
-1609.19
-1542.35
-1387.01
-1489.92
-1349.47
-1224.99
-1350.25
-1218.35
-1490.97
-1356.29
-1491.20
-1452.68
-1360.43
-1355.73
-1477.44
-1337.53
-1486.13
-1240.04
-1076.21
-1342.35
-1076.78
-1402.93
-1614.48
-1250.37
-1216.97
-1356.07
-1228.40
-1571.14
-1446.66
-1157.14
-1303.54
-1309.11
-1284.37
-1609.19
-1430.36
-1429.92
-1108.37
-1259.83
-1115.25
-1103.89
-1365.50
-1237.65
-1229.30
-1353.39
-1452.75
-1227.18
-1120.22
-1346.49
-1549.15
-1416.89
-1347.50
-1213.03
-1346.23
-1211.20
-1352.41
-1605.94
-1750.54
-1549.18
-1418.48
-1345.95
-1213.94
-959.62
-1126.87
-955.38
-1265.45
-1407.59
-1247.80
-1449.49
-1086.92
-1412.82
-1253.96
-1411.31
-1251.81
-1254.73
-1087.96
-1551.16
-1395.73
-1498.24
-1755.17
-1095.10
-927.78
-1233.64
-1222.74
-1353.04
-1225.26
-1352.82
-1226.07
-1195.40
-1062.97
-1616.56
-1366.75
-927.43
-1058.82
-1230.43
-1068.20
-1353.07
-1192.89
-1348.73
-1230.40
-1243.51
-1458.99
-1074.69
-1245.30
-1088.49
-1127.50
-1432.23
-1273.48
-1262.72
-1284.31
-1280.77
-1131.83
-1751.53
-1163.99
-1280.19
-1162.86
-1316.81
-1285.80
-1416.59
-1315.29
-1186.45
-1418.65
-1160.27
-1596.25
-1185.51
-1417.58
-1137.56
-1277.57
-1420.32
-1288.11
-1418.86
-1421.61
-1293.02
-1187.59
-1753.72
-1418.76
-1282.77
-1420.67
-1153.60
-1417.09
-1422.13
-1416.30
-1272.45
-1324.45
-1267.53
-1751.69
-1322.10
-1264.50
-1410.52
-1463.49
-1113.95
-1166.90
-1414.07
-1409.78
-1464.50
-1308.78
-1596.57
-1315.79
-1316.25
-1307.99
-1573.02
-1456.90
-1566.53
-1571.53
-1455.05
-1400.78
-1029.40
-1291.01
-1749.64
-1026.67
-1169.74
-1574.89
-1306.83
-1306.57
-1170.86
-1572.85
-1304.14
-1251.48
-1400.71
-1602.41
-1458.71
-1398.26
-1415.86
-1564.20
-1572.81
-1310.34
-1574.49
-1449.59
-1460.93
-1429.46
-1460.11
-1111.83
-1291.64
-1421.83
-1561.49
-1151.59
-1313.99
-1178.33
-1572.56
-1307.18
-1294.72
-1312.57
-1286.23
-1319.85
-1404.28
-1412.01
-1279.99
-1311.86
-1286.29
-1411.62
-1414.65
-1406.71
-1455.92
-1408.96
-1564.59
-1310.11
-1557.42
-1451.06
-1422.95
-1303.40
-1562.62
-1430.54
-1562.96
-1297.64
-1434.93
-1429.78
-1552.49
-1314.44
-1150.82
-1248.65
-1093.04
-1409.64
-1405.02
-1407.21
-1753.91
-1558.01
-1419.65
-1159.43
-1420.30
-1153.89
-1559.80
-1292.28
-1559.47
-1296.55
-1405.97
-1755.73
-1259.54
-1097.08
-1423.42
-1421.68
-1180.38
-1174.72
-1435.56
-1419.64
-1423.25
-1295.84
-1614.03
-1416.38
-1418.68
-1151.67
-1416.05
-1152.69
-1422.97
-1416.13
-1152.10
-1570.80
-1424.38
-1455.97
-1423.83
-1266.14
-1424.98
-1265.94
-1426.32
-1267.50
-1420.77
-1315.91
-1318.65
-1162.19
-1753.05
-1769.38
-1159.21
-1335.40
-1033.09
-1193.68
-1188.12
-1437.10
-1311.60
-1025.19
-1185.20
-1194.72
-1611.96
-1417.79
-1284.67
-1412.16
-1278.45
-1417.04
-1285.83
-861.30
-1032.07
-857.15
-1174.94
-1454.71
-1155.49
-993.41
-1162.12
-1159.98
-992.26
-1307.02
-1409.71
-1277.49
-1303.46
-1306.67
-1755.04
-1151.39
-1146.37
-1260.78
-1264.37
-1107.23
-1275.91
-1149.68
-1276.10
-1151.19
-1151.04
-1751.31
-1148.94
-1152.85
-1153.09
-1267.30
-1116.89
-944.51
-1147.20
-1595.31
-1148.36
-1074.92
-1077.68
-1123.86
-1601.60
-1458.58
-1292.77
-1754.18
-1754.03
-1751.01
-1655.38
-2061.07
-1920.80
-1664.61
-2061.19
-1801.05
-2062.00
-1802.00
-1495.81
-2060.31
-1924.70
-1802.28
-1768.22
-1767.49
-1492.40
-1920.45
-1660.91
-1919.51
-1658.95
-2061.50
-2064.75
-1787.48
-1802.15
-1766.10
-1494.33
-2063.98
-1802.11
-2056.03
-1914.16
-1913.58
-2055.09
-2055.72
-1926.01
-2055.34
-1759.92
-2056.74
-1645.53
-1673.91
-1647.61
-1638.81
-1671.95
-1640.96
-1638.51
-1924.09
-1672.11
-1635.47
-1668.15
-1646.58
-1674.25
-1781.77
-1811.94
-1784.87
-1781.51
-1814.24
-1685.29
-1512.24
-1638.41
-1484.65
-1490.72
-1482.90
-1518.37
-1644.12
-1672.95
-1642.35
-1671.15
-1928.82
-1640.69
-1781.04
-1814.10
-1782.84
-1486.14
-1516.56
-1784.25
-1780.07
-1814.00
-1906.64
-1653.50
-1761.19
-1606.14
-1763.88
-1764.01
-1762.82
-1907.26
-1906.36
-1605.23
-1610.14
-1908.02
-1650.27
-2057.83
-1356.56
-1779.46
-1621.18
-1775.71
-1617.78
-1909.21
-1774.92
-1618.35
-1362.96
-1650.42
-1622.77
-1905.03
-1916.23
-1761.92
-1917.23
-1760.97
-2051.29
-1747.68
-1656.92
-1499.45
-1779.67
-1917.60
-1917.82
-1761.37
-1621.59
-1462.48
-1755.53
-2063.28
-1919.22
-1761.44
-2049.73
-1920.21
-1781.25
-1916.76
-1761.46
-2063.64
-1917.15
-1760.89
-2050.74
-1262.53
-1527.55
-1523.33
-1253.44
-1790.95
-1660.82
-1089.61
-1667.73
-1264.38
-1791.15
-1791.51
-1661.41
-1791.17
-1660.55
-1268.07
-1929.19
-1668.82
-1805.70
-1402.64
-1931.62
-1932.69
-1805.44
-1407.43
-1640.50
-1506.88
-1666.29
-1929.37
-1666.05
-1542.16
-1934.31
-1804.98
-1402.49
-1930.47
-1933.52
-1805.02
-1496.97
-1628.38
-1792.20
-1506.04
-1628.35
-1505.11
-1630.44
-1503.66
-1777.47
-1643.48
-1774.27
-1346.38
-1477.68
-1786.90
-1781.15
-1645.85
-1774.82
-1924.57
-1777.07
-1642.67
-1808.45
-1774.05
-1909.19
-1912.10
-1792.26
-1906.49
-1761.47
-1604.10
-1908.46
-1911.76
-1766.88
-1511.29
-1609.34
-1913.35
-1916.97
-1791.48
-1654.27
-1915.82
-1915.66
-1376.99
-1784.30
-1520.95
-1783.48
-1783.89
-2057.64
-1767.50
-1651.37
-1609.93
-1451.93
-1919.97
-1763.56
-2059.67
-1914.15
-1756.73
-1658.10
-1781.30
-1623.70
-1791.32
-2063.19
-1919.24
-1917.09
-1762.15
-1920.55
-2062.03
-1919.56
-1767.83
-1918.68
-1763.61
-1911.52
-1790.57
-1755.50
-2050.70
-2059.13
-1912.68
-1755.19
-1927.87
-1520.29
-1362.10
-1659.99
-1671.32
-1785.88
-1668.68
-1929.20
-1935.18
-1799.65
-1810.76
-1667.30
-1932.28
-1791.28
-1934.10
-1546.79
-1786.20
-1934.81
-1665.58
-1797.33
-1809.31
-1665.73
-1663.27
-1762.62
-1927.34
-1799.40
-1798.50
-1785.51
-1763.12
-1426.08
-1420.72
-1484.14
-1503.72
-1321.23
-1629.46
-1513.99
-1777.90
-1625.29
-1924.91
-1646.07
-1479.30
-1656.71
-1919.15
-1649.78
-1767.82
-1798.04
-1668.82
-1481.01
-1779.47
-1924.95
-1909.85
-1762.39
-1607.48
-1779.55
-1515.86
-1909.91
-1909.19
-1677.17
-1534.34
-1928.68
-1787.78
-1785.38
-1908.86
-1546.96
-1402.19
-1654.61
-1555.63
-1411.44
-1531.07
-1778.75
-1672.03
-1787.35
-1913.20
-1918.51
-1783.05
-1788.40
-1907.16
-1916.69
-1917.88
-1913.05
-1785.21
-1785.27
-1926.32
-1779.25
-1768.66
-1779.60
-1786.63
-1790.14
-1911.07
-1916.73
-1905.00
-1778.36
-1783.97
-1785.49
-1918.71
-1773.82
-1617.42
-1457.10
-1922.71
-1781.29
-1622.39
-1777.36
-1621.02
-2061.92
-1917.92
-1787.31
-1760.54
-1624.19
-1458.09
-1921.45
-1919.28
-1764.35
-2049.91
-1906.02
-1750.39
-2050.09
-1924.83
-2057.81
-2058.97
-1913.79
-1757.72
-1916.15
-2058.35
-1916.03
-1762.25
-1913.01
-1757.68
-1920.19
-1928.50
-1515.35
-1934.27
-1546.78
-1791.17
-1789.77
-1932.33
-1936.69
-1635.84
-1935.47
-1924.23
-1659.04
-1920.21
-1798.98
-1659.76
-1799.40
-1536.80
-1929.11
-1667.49
-1929.24
-1667.61
-1928.18
-1921.53
-1803.75
-1793.06
-1763.37
-1777.96
-1637.22
-1364.49
-1523.09
-1362.47
-1790.09
-1927.95
-1634.77
-1788.97
-1630.20
-1922.02
-1658.75
-1501.13
-1793.48
-1662.14
-1769.91
-1801.31
-1752.67
-1809.36
-1663.75
-1503.76
-1270.57
-1268.25
-1408.81
-1410.34
-1628.75
-1620.97
-1656.51
-1599.99
-1631.65
-1661.76
-1636.38
-1654.00
-1508.75
-1345.67
-1781.68
-1634.06
-1476.28
-1664.72
-1446.52
-1507.74
-1343.14
-1630.09
-1472.10
-1779.04
-1784.41
-1639.68
-1476.52
-1252.20
-1384.38
-1899.39
-1914.48
-1415.86
-1249.40
-1378.33
-1379.89
-1612.35
-1770.08
-1774.48
-1634.23
-1638.73
-1759.37
-1747.29
-1626.80
-1764.35
-1762.70
-1605.88
-1778.39
-1778.08
-1515.95
-1771.05
-1774.35
-1641.79
-1919.85
-1760.52
-1606.29
-1910.33
-1760.18
-1605.09
-1778.35
-1515.88
-1514.79
-1775.10
-1547.56
-1786.94
-1540.02
-1538.28
-1678.68
-1928.73
-1784.70
-1908.95
-1786.09
-1785.82
-1513.20
-1514.55
-1649.39
-1658.68
-1654.97
-1546.19
-1533.55
-1781.22
-1777.50
-1799.97
-1673.22
-1673.08
-1793.03
-1647.73
-1521.24
-1534.19
-1505.19
-1912.92
-1765.12
-1612.12
-1781.92
-1783.29
-1521.81
-1775.44
-1639.01
-1906.86
-1910.13
-1911.44
-1772.50
-1781.33
-1781.56
-1930.18
-1908.05
-1645.90
-1789.03
-1777.48
-1907.53
-1788.40
-1677.90
-1390.30
-1537.97
-1546.86
-1796.21
-1771.71
-1777.57
-1545.06
-1778.55
-1771.56
-1779.91
-1765.87
-1536.97
-1910.69
-1780.49
-1776.73
-1909.13
-1901.27
-1902.25
-1764.64
-1911.20
-1777.44
-1779.09
-1772.08
-1771.90
-1764.28
-1778.20
-1780.39
-1909.24
-1904.20
-1628.79
-1911.76
-1910.97
-1776.93
-1771.14
-1778.08
-2048.32
-1909.28
-1905.71
-1750.31
-1766.81
-1608.42
-1491.94
-1911.60
-1753.66
-1915.38
-2055.72
-1914.62
-1761.56
-1911.24
-1756.95
-1448.23
-1916.01
-1490.06
-1774.15
-1615.78
-1771.51
-1613.92
-1915.62
-2056.68
-1911.04
-1755.56
-1616.75
-1450.41
-1482.10
-1914.32
-2055.96
-1914.11
-1762.49
-1911.30
-1755.68
-1926.68
-1658.42
-1920.96
-1529.05
-1622.97
-1660.33
-1652.54
-1495.04
-1536.12
-1517.35
-1927.05
-1538.32
-1926.53
-1663.07
-1927.35
-1622.33
-1667.04
-1355.63
-1784.70
-1524.15
-1783.46
-1522.57
-1926.00
-1929.49
-1665.68
-1628.06
-1924.31
-1355.35
-1928.05
-1666.65
-1920.17
-1615.47
-1458.11
-1656.10
-1920.35
-1769.87
-1640.83
-1650.02
-1790.76
-1662.72
-1648.91
-1493.10
-1781.15
-1625.64
-1781.97
-1625.13
-1914.18
-1399.98
-1783.61
-1403.06
-1260.42
-1366.13
-1638.54
-1646.61
-1652.99
-1651.18
-1659.71
-1655.17
-1801.80
-1787.94
-1662.83
-1653.71
-1498.16
-1655.91
-1771.21
-1627.10
-1463.11
-1665.67
-1807.35
-1665.71
-1926.84
-1915.62
-1509.80
-1662.51
-1505.40
-1490.57
-1406.29
-1369.00
-1414.51
-1398.80
-1418.37
-1320.04
-1788.55
-1227.88
-1525.31
-1389.88
-1640.23
-1497.39
-1625.21
-1626.31
-1493.75
-1616.05
-1628.14
-1789.02
-1340.23
-1473.46
-1640.35
-1478.38
-1640.49
-1777.79
-1638.11
-1480.89
-1631.81
-1475.84
-1785.13
-1248.43
-1254.11
-1383.77
-1384.76
-1384.66
-1497.17
-1511.06
-1622.65
-1791.10
-1650.66
-1923.91
-1781.04
-1657.96
-1638.39
-1657.13
-1646.06
-1619.78
-1785.36
-1648.21
-1788.59
-1647.30
-1923.88
-1652.24
-1649.46
-1651.81
-1481.53
-1770.09
-1767.71
-1637.29
-1637.48
-1773.13
-1616.05
-1902.70
-1631.90
-1783.86
-1641.44
-1788.80
-1536.52
-1651.96
-1656.49
-1767.04
-1611.47
-1768.81
-1753.26
-1614.67
-1766.55
-1615.27
-1788.36
-1646.43
-1524.31
-1383.00
-1653.13
-1514.99
-1651.43
-1899.42
-1657.91
-1794.58
-1809.10
-1667.33
-1561.96
-1942.37
-1656.91
-1656.46
-1657.66
-1800.90
-1744.57
-1796.26
-1798.47
-1437.45
-1685.95
-1543.11
-1548.18
-1431.25
-1805.58
-1809.16
-1652.58
-1900.44
-1897.95
-1434.77
-1807.38
-1667.02
-1640.39
-1632.70
-1477.52
-1642.93
-1489.33
-1631.25
-1477.53
-1899.34
-1652.23
-1660.25
-1663.65
-1518.86
-1538.11
-1544.93
-1770.53
-1616.92
-1787.65
-1262.45
-1750.91
-1781.62
-1935.49
-1675.41
-1537.67
-1400.79
-1398.58
-1391.80
-1533.39
-1532.72
-1796.24
-1900.09
-1657.90
-1658.13
-1655.55
-1794.67
-1794.78
-1803.14
-1539.58
-1292.91
-1551.59
-1802.11
-1602.64
-1540.62
-1401.89
-1661.05
-1786.48
-1293.74
-1551.13
-1157.45
-1264.02
-1411.09
-1786.22
-1761.54
-1281.77
-1169.19
-1120.81
-1262.96
-1159.08
-1637.77
-1481.87
-1123.59
-1395.68
-1788.61
-1761.47
-1660.65
-1280.74
-1166.69
-1268.82
-1126.99
-1786.70
-1914.95
-1655.06
-1784.10
-1524.28
-1608.86
-1777.89
-1517.99
-1787.54
-1914.87
-1655.49
-1511.72
-1348.33
-1772.45
-1613.79
-1771.89
-1745.24
-1771.22
-1619.05
-1782.57
-1522.92
-1378.45
-1211.76
-1639.34
-1480.36
-1639.20
-1639.72
-1603.11
-1484.20
-1773.89
-1615.99
-1617.85
-1459.37
-1775.27
-1618.72
-1774.48
-1618.00
-1772.22
-1442.81
-1897.56
-1615.75
-1455.13
-1619.53
-1461.62
-1780.45
-1622.31
-1778.48
-1621.15
-1625.21
-1459.28
-1903.18
-1917.65
-1762.34
-1933.09
-1264.86
-1093.99
-1410.47
-1400.47
-1243.93
-1402.03
-1791.01
-1902.82
-1790.38
-1636.51
-1776.32
-1341.96
-1516.14
-1375.43
-1243.84
-1787.75
-1632.12
-1787.86
-1902.84
-1631.36
-1150.99
-1148.40
-1776.58
-1513.26
-1780.74
-1518.24
-1787.53
-1789.61
-1633.95
-1900.22
-1782.15
-1625.21
-1269.63
-1248.98
-1228.07
-1338.98
-1245.71
-1416.30
-1678.31
-1535.79
-1904.48
-1537.44
-1657.65
-1665.49
-1659.68
-1665.34
-1372.24
-1507.42
-1530.98
-1371.71
-1523.27
-1743.65
-1365.01
-1371.80
-1204.42
-1667.66
-1511.96
-1281.48
-1416.53
-1278.99
-1272.56
-1108.39
-1749.12
-1422.77
-1659.18
-1380.76
-1516.77
-1521.71
-1632.05
-1633.22
-1497.53
-1337.15
-1187.29
-1901.11
-1505.19
-1344.81
-1497.92
-1338.92
-1346.69
-1179.93
-1635.57
-1478.87
-1534.63
-1569.44
-1900.79
-1430.71
-1585.60
-1535.90
-1325.68
-1359.16
-1378.05
-1454.58
-1311.19
-1574.89
-1364.97
-1750.87
-1911.41
-1693.51
-1694.03
-1687.28
-1732.12
-1710.76
-1712.54
-1735.24
-1716.33
-1682.88
-1707.66
-1447.48
-1575.19
-1509.54
-1681.51
-1430.48
-1686.99
-1583.80
-1579.67
-1513.84
-1532.81
-1467.54
-1608.07
-1694.39
-1717.33
-1571.29
-1673.84
-1531.32
-1715.55
-1584.63
-1719.92
-1856.83
-1580.39
-1605.92
-1516.64
-1696.51
-1490.43
-1530.54
-1658.86
-1714.43
-1710.51
-1500.36
-1509.06
-1715.65
-1755.39
-1511.16
-1651.27
-1513.69
-1575.75
-1490.08
-1581.59
-1531.76
-1569.15
-1473.63
-1499.33
-1598.57
-1577.22
-1577.68
-1373.74
-1525.84
-1200.23
-1378.20
-1488.77
-1710.18
-1505.37
-1506.06
-1439.08
-1508.99
-1470.39
-1578.53
-1374.43
-1575.41
-1576.36
-1385.24
-1514.13
-1372.16
-1713.77
-1447.48
-1575.58
-1507.13
-1720.63
-1574.88
-1711.57
-1705.85
-1547.79
-1711.75
-1713.33
-1703.44
-1764.37
-1513.21
-1707.74
-1709.71
-1700.64
-1710.69
-1543.54
-1572.06
-1503.32
-1693.77
-1693.59
-1606.49
-1846.72
-1847.67
-1720.34
-1715.58
-1541.15
-1696.44
-1647.58
-1527.71
-1706.79
-1558.57
-1761.93
-1916.97
-1741.42
-1547.70
-1712.70
-1573.80
-1574.79
-1715.72
-1574.63
-1572.44
-1846.59
-1847.74
-1848.46
-1604.33
-1710.63
-1846.85
-1845.96
-1715.03
-1712.85
-1852.75
-1714.71
-1714.78
-1568.85
-1425.03
-1608.46
-1570.77
-1570.44
-1866.95
-1463.66
-1464.90
-1602.05
-1729.65
-1585.58
-1458.24
-1610.81
-1442.24
-1850.55
-1726.57
-1726.87
-1600.58
-1726.63
-1605.99
-1850.31
-1726.01
-1743.81
-1607.36
-1902.20
-1864.23
-1724.71
-1580.61
-1581.91
-1588.00
-1728.49
-1585.29
-1590.27
-1590.23
-1590.04
-1746.72
-1865.22
-1726.64
-1721.50
-1728.41
-1720.37
-1727.03
-1853.06
-1727.05
-1727.44
-1866.88
-1277.49
-1863.32
-1720.57
-1599.06
-1722.49
-1723.77
-1583.94
-1590.78
-1603.82
-1731.09
-1861.33
-1449.20
-1726.03
-1849.53
-1850.56
-1846.75
-1743.60
-1867.06
-1408.88
-1414.66
-1417.93
-1549.26
-1283.19
-1648.41
-1559.60
-1700.70
-1544.06
-1702.20
-1544.56
-1509.18
-1510.34
-1604.99
-1864.42
-1591.49
-1582.74
-1590.76
-1584.85
-1725.40
-1848.00
-1725.09
-1406.28
-1273.69
-1413.17
-1422.05
-1763.50
-2046.51
-1642.90
-1544.19
-1412.53
-1525.05
-1651.31
-1521.74
-1557.24
-1862.81
-1721.90
-1453.51
-1610.77
-1465.91
-1588.60
-1721.81
-1727.42
-1610.53
-1458.75
-1730.77
-1585.60
-1583.76
-1722.42
-2049.55
-1846.98
-1586.43
-1605.40
-1726.04
-1726.01
-1405.33
-1661.64
-1521.30
-1395.16
-1525.14
-1908.75
-1521.56
-1530.42
-1661.83
-1647.04
-1537.44
-1665.64
-1421.58
-1696.12
-1491.75
-1849.70
-1759.05
-1695.10
-1542.04
-1844.38
-1699.28
-1543.41
-1848.78
-1699.52
-1541.37
-1646.83
-1648.94
-1906.20
-1509.03
-1644.06
-1642.50
-1513.64
-1508.99
-1709.20
-1567.33
-1573.16
-1602.41
-1861.77
-1750.10
-1575.68
-1588.03
-1722.95
-1718.06
-1402.80
-1661.70
-1392.04
-1526.57
-1650.60
-1524.29
-1450.99
-1646.88
-1649.87
-1525.55
-1535.24
-1605.05
-1579.47
-1580.30
-1581.53
-1727.47
-1589.08
-1915.63
-1587.61
-1581.77
-1722.74
-1846.33
-1724.97
-1724.94
-1863.90
-1727.30
-1720.47
-1656.57
-1774.23
-1515.17
-1376.17
-1522.68
-1378.41
-1664.97
-1522.11
-1648.00
-1522.24
-1665.09
-1407.25
-1615.95
-2046.14
-1661.16
-1516.27
-1411.69
-1521.24
-1415.10
-1643.43
-1556.99
-1696.59
-1491.51
-1701.45
-1765.39
-1698.97
-1542.15
-1644.47
-1648.73
-1515.76
-1513.66
-1702.71
-1558.40
-1508.09
-1846.74
-1612.57
-1697.99
-1545.09
-1645.94
-1649.31
-1652.25
-1650.82
-1512.15
-1712.83
-1576.48
-1510.24
-1914.37
-1367.72
-1447.61
-1724.90
-1587.54
-1849.38
-1722.67
-1720.62
-1405.15
-1664.11
-1265.81
-2050.29
-1398.48
-1653.45
-1525.59
-1527.58
-1650.84
-1524.51
-1537.92
-1452.95
-1455.06
-1587.05
-1904.97
-1869.61
-1584.73
-1728.29
-1729.11
-1585.20
-1589.17
-1723.12
-1724.44
-1722.13
-1662.11
-1747.80
-1523.06
-1525.90
-1524.13
-1665.52
-1527.51
-1651.44
-1663.43
-1381.73
-1546.78
-1522.21
-1614.03
-1279.10
-1386.56
-1526.93
-1419.65
-1523.23
-1846.73
-1571.73
-1846.64
-1717.71
-1834.45
-1447.42
-1836.81
-1848.73
-1575.81
-1846.58
-1841.79
-1724.64
-1602.58
-1460.22
-1302.02
-1863.08
-1908.13
-1716.04
-1583.83
-1576.38
-1558.58
-1422.25
-1418.39
-1724.38
-1584.95
-1725.39
-1847.88
-2050.60
-2047.33
-1844.46
-1723.64
-1849.16
-1600.05
-1458.47
-1301.28
-1860.65
-1714.98
-1579.87
-1576.45
-1908.23
-1559.03
-1421.13
-1718.79
-1720.47
-1842.53
-1724.05
-1846.69
-1397.14
-1545.29
-1845.92
-1754.98
-1847.46
-1393.33
-1645.35
-1542.25
-1584.29
-1575.19
-1425.39
-1418.41
-1585.36
-1722.95
-1905.12
-1845.61
-1721.09
-1659.13
-1511.32
-1376.47
-1353.79
-1214.63
-1518.66
-1517.16
-1644.30
-1749.78
-1842.83
-1547.95
-1393.84
-1237.38
-1848.14
-1696.05
-1542.17
-1643.55
-1361.71
-1510.44
-1773.29
-1845.91
-1849.04
-1646.62
-1370.60
-1647.08
-1519.97
-1572.70
-1414.42
-1586.37
-1848.38
-1614.51
-1719.94
-1660.99
-1513.30
-1369.47
-1352.80
-1208.76
-1517.58
-1644.68
-1842.10
-1698.66
-1763.71
-1699.02
-1843.18
-1548.80
-1844.49
-1699.58
-1544.20
-1700.70
-1701.53
-1845.38
-1845.40
-1609.65
-1546.75
-1845.02
-1841.30
-1696.08
-1540.89
-1697.39
-1696.92
-1842.00
-1546.92
-1844.68
-2047.58
-1700.90
-1846.43
-1549.51
-1848.81
-1847.87
-1840.74
-1695.85
-1393.80
-1555.50
-1555.34
-1613.13
-1915.48
-1401.23
-1540.41
-1396.32
-1234.05
-1699.15
-1696.40
-1699.08
-1695.59
-1841.48
-1698.66
-1446.63
-1841.30
-1538.41
-1545.22
-1695.50
-1693.64
-1841.38
-1544.29
-1991.95
-1421.59
-1578.44
-1908.46
-1576.39
-1568.79
-1421.77
-1577.93
-1576.85
-1417.30
-1716.77
-1849.77
-1578.07
-1851.93
-1904.94
-1852.56
-1730.64
-1720.52
-1713.29
-1587.58
-1710.69
-1578.73
-1852.14
-1854.70
-1719.99
-1749.39
-1554.00
-1423.32
-1853.99
-1726.39
-1719.92
-1849.99
-1712.54
-1586.18
-1706.13
-1576.73
-1613.54
-1852.60
-1553.34
-1422.17
-1726.17
-1719.69
-1710.01
-1582.93
-1723.22
-1992.09
-1853.59
-1455.46
-1850.96
-1725.26
-1727.50
-1721.19
-1715.78
-1991.66
-1861.22
-1850.48
-1724.08
-1848.59
-1771.02
-1722.12
-1990.67
-1995.55
-1860.20
-1694.24
-1564.20
-1995.12
-1869.34
-1861.90
-1566.10
-1614.34
-1715.95
-1561.70
-1697.89
-1558.15
-1431.15
-1556.66
-1427.61
-1698.47
-1701.24
-1566.33
-1904.01
-1405.24
-1260.65
-1701.38
-1573.22
-1567.94
-1851.53
-1851.45
-1726.35
-1851.85
-1728.27
-1909.40
-2065.77
-1718.79
-1850.91
-1850.64
-1727.17
-1718.08
-1723.60
-1715.94
-1990.14
-1850.65
-1724.60
-1754.54
-1991.71
-1861.74
-1992.80
-1868.50
-1861.20
-1990.38
-1861.04
-1697.89
-1696.86
-1571.23
-1909.99
-1565.33
-1850.01
-1723.63
-1849.26
-1722.74
-1991.34
-1996.76
-1861.52
-1695.67
-1564.20
-1906.84
-1994.91
-1869.11
-1861.76
-1983.35
-1840.09
-1846.84
-1839.52
-1982.75
-1845.15
-1984.34
-1750.24
-1983.72
-1685.32
-1844.66
-1847.05
-1984.66
-1545.57
-1544.94
-1545.31
-1541.82
-1545.17
-1900.69
-1685.55
-1686.62
-1384.56
-1392.30
-1543.82
-1543.15
-1685.76
-1388.07
-1686.25
-1986.54
-1745.43
-1418.10
-1410.66
-1577.59
-1417.01
-1700.90
-1421.47
-1704.09
-1708.98
-1550.92
-1584.59
-2047.43
-1424.25
-1705.55
-1547.75
-1703.05
-1582.39
-1423.08
-1705.28
-1547.65
-1702.77
-1423.74
-1892.91
-1552.10
-1707.00
-1557.98
-1847.41
-1846.98
-1693.00
-1723.94
-1563.68
-1849.15
-1691.77
-1586.90
-1846.90
-1715.74
-1559.65
-1847.16
-1690.73
-1427.95
-1265.00
-1551.17
-1391.47
-1548.19
-2052.19
-2047.12
-1703.61
-1704.66
-1558.94
-1995.56
-1851.37
-1693.16
-1846.90
-1850.03
-1848.59
-1692.83
-1910.46
-1869.00
-1724.39
-1563.95
-1994.55
-1848.22
-1691.42
-1846.22
-1390.01
-1392.94
-1388.73
-1752.40
-1380.83
-1385.72
-1530.37
-1392.18
-1533.85
-1651.84
-1527.34
-1531.79
-1393.27
-1655.09
-1906.70
-1522.61
-1533.23
-1529.72
-1387.21
-1652.52
-1522.31
-1532.34
-1536.80
-1528.92
-1678.57
-1749.77
-1795.05
-1664.61
-1670.72
-1532.01
-1796.31
-1664.61
-1676.76
-1529.58
-1662.36
-1369.67
-2046.10
-1233.27
-1500.81
-1364.02
-1378.22
-1533.34
-1531.53
-1527.67
-1797.88
-1667.71
-1678.48
-1890.91
-1793.00
-1660.29
-1670.94
-1532.25
-1796.55
-1665.80
-1676.25
-1785.66
-1680.84
-1836.94
-1754.77
-1690.93
-1573.84
-1579.47
-1532.44
-1697.04
-1697.08
-1715.01
-1838.29
-1848.97
-1846.74
-1589.03
-1725.41
-1847.07
-1368.06
-1367.67
-1510.13
-1646.75
-1643.22
-1512.80
-1645.18
-1986.42
-2050.47
-1421.32
-1693.31
-1535.52
-1376.91
-1705.93
-1848.06
-1705.31
-1700.88
-1542.13
-1706.30
-2046.88
-2069.40
-1703.91
-1545.09
-1584.04
-1426.27
-1718.83
-1853.29
-1695.80
-1989.70
-1851.80
-1841.45
-1891.76
-1683.20
-1710.94
-1554.33
-1850.85
-1847.05
-1692.04
-1729.14
-1868.74
-1727.90
-1571.76
-1748.27
-1723.27
-1566.27
-1852.22
-1993.90
-1851.04
-1698.61
-1849.94
-1695.41
-1844.17
-1839.37
-1902.20
-1681.81
-1847.70
-1988.07
-1850.72
-1839.91
-1681.63
-1787.78
-1390.90
-1505.31
-1648.52
-1746.46
-1541.05
-1512.46
-1651.32
-1539.55
-1515.29
-1520.67
-1391.46
-1536.26
-1789.35
-1799.10
-1746.83
-1665.78
-1686.22
-1653.82
-1792.51
-1650.21
-1525.39
-1671.11
-1661.81
-1670.74
-1672.59
-1589.94
-1540.99
-1536.12
-1796.86
-1798.07
-1672.10
-1662.49
-1651.55
-1683.47
-1651.98
-1781.97
-1762.72
-1656.28
-1787.98
-1781.76
-1648.38
-1538.25
-1838.66
-1849.57
-1634.74
-1520.96
-1648.42
-1619.03
-1840.87
-1699.06
-1719.24
-1847.50
-1849.25
-1840.70
-1517.00
-1649.39
-1649.24
-1635.13
-1458.78
-1492.98
-1514.82
-1643.94
-1647.82
-1650.97
-1839.45
-1698.72
-1721.47
-1848.09
-1634.43
-1615.69
-2065.25
-1493.27
-1517.44
-1645.00
-1564.26
-1405.85
-1562.73
-1401.02
-1545.23
-1588.32
-1428.68
-1455.32
-1580.85
-1424.39
-1867.81
-1427.72
-1259.44
-1724.24
-1568.98
-1704.46
-1545.88
-1385.08
-1898.54
-1853.67
-1711.81
-1553.05
-1708.51
-1552.63
-1994.13
-1849.64
-1692.21
-1554.79
-1388.30
-1752.08
-1852.78
-1850.18
-1695.10
-1700.73
-1542.87
-1846.81
-1849.44
-1708.45
-1550.61
-1850.05
-1593.66
-1707.70
-1546.83
-1987.81
-1850.20
-1988.56
-1842.96
-1684.98
-1843.61
-1987.30
-1843.66
-1465.04
-1689.02
-1841.43
-1686.10
-1789.00
-1378.51
-1371.66
-1515.32
-1669.79
-1527.53
-1395.37
-1263.34
-1529.06
-1395.52
-1671.52
-1368.02
-1232.58
-1543.84
-1539.75
-1795.38
-1520.52
-1652.29
-1898.91
-1524.40
-1651.85
-1524.61
-1796.65
-1801.36
-1663.05
-1494.62
-1362.80
-1799.27
-1673.87
-1755.16
-1665.67
-1512.97
-1648.43
-1524.16
-1649.04
-1517.49
-1789.95
-1655.43
-1791.56
-1659.61
-1600.33
-1654.94
-1776.51
-1636.56
-1785.20
-1785.21
-1227.06
-1393.37
-1228.94
-1497.87
-1396.28
-1753.08
-2048.44
-1232.29
-1526.01
-1363.62
-1517.59
-1358.06
-1652.69
-1494.09
-1528.38
-1366.65
-1653.93
-1597.00
-1492.36
-1650.58
-1532.12
-1373.31
-1683.49
-1538.53
-1374.78
-1642.18
-1533.57
-1536.06
-2050.01
-1377.86
-1837.12
-1689.15
-1535.36
-1635.08
-1637.22
-1507.08
-1623.52
-1630.89
-1839.26
-1910.54
-1837.65
-1835.68
-1640.73
-1636.66
-1631.00
-1511.16
-1857.18
-1718.98
-1580.85
-1580.76
-1752.35
-1839.85
-1570.15
-1716.27
-1839.08
-1715.76
-1393.65
-1656.58
-1516.52
-1389.31
-1651.31
-1913.22
-1510.72
-1634.05
-1515.24
-1639.23
-1636.48
-1509.49
-1638.17
-1512.16
-1513.75
-1837.51
-2050.36
-1633.10
-1836.17
-1838.28
-1634.58
-1635.49
-1632.86
-1634.60
-1638.95
-1836.25
-1695.82
-1912.62
-1694.60
-1837.87
-1632.42
-1489.80
-1491.06
-1633.64
-1705.99
-1548.03
-1708.19
-1845.23
-1758.48
-1707.42
-1552.41
-1699.71
-1542.93
-1708.57
-1846.88
-1703.97
-1551.07
-1701.38
-1543.69
-1904.81
-1703.97
-1539.91
-1692.18
-1534.11
-1844.87
-1708.55
-1547.88
-1839.39
-1679.87
-1843.18
-1748.32
-2066.04
-1673.89
-1983.95
-1842.76
-1686.97
-1839.56
-1684.45
-1372.73
-1842.09
-1699.95
-1542.07
-1698.18
-1911.19
-1540.44
-1842.27
-1984.45
-1837.90
-1682.78
-1541.95
-1375.19
-1841.25
-1983.22
-1840.96
-2048.01
-1689.49
-1838.39
-1682.72
-1783.81
-1646.55
-1646.08
-1522.24
-1646.73
-1525.80
-1514.01
-1905.45
-1648.50
-1648.63
-1521.26
-1515.19
-1512.20
-1505.56
-1786.15
-1647.92
-1523.55
-1786.83
-1757.30
-1652.85
-1788.34
-1659.27
-1653.02
-1640.13
-1512.39
-1639.64
-1513.04
-1786.04
-1790.19
-1904.03
-1652.61
-1482.56
-1350.71
-1786.48
-1660.53
-1653.63
-1774.79
-1637.43
-1783.70
-1635.48
-1747.73
-1635.14
-1775.04
-1493.16
-1345.16
-1641.99
-1646.05
-1640.02
-1481.50
-1512.27
-1350.94
-1909.06
-1640.22
-1482.07
-1635.75
-1632.19
-1536.16
-1540.83
-1680.80
-1538.75
-1381.23
-1534.51
-1752.37
-1376.32
-1634.75
-1475.10
-1639.77
-1783.54
-1642.86
-1635.59
-1477.23
-1423.73
-1438.75
-1901.45
-1437.73
-1557.23
-1719.32
-1578.94
-1717.38
-1511.66
-1512.61
-1504.80
-1429.63
-1554.70
-1745.35
-2045.45
-1712.62
-1581.02
-1504.59
-1374.64
-1716.48
-1574.49
-1509.46
-1500.15
-1366.13
-1510.24
-2050.56
-1224.57
-1345.71
-1370.32
-1697.45
-1697.10
-1492.77
-1496.38
-1700.23
-1542.95
-1515.27
-1911.31
-1495.78
-1713.90
-1580.88
-1505.95
-1371.21
-1719.53
-1596.86
-1406.10
-1518.51
-1396.19
-1754.97
-1423.51
-1421.43
-1701.34
-1546.45
-1702.17
-1548.73
-1700.93
-1549.64
-1513.15
-1515.87
-2046.05
-1517.85
-1718.92
-1594.95
-1456.03
-1576.63
-1517.76
-1389.39
-1240.22
-1370.35
-1581.94
-1890.32
-1588.63
-1724.73
-1669.48
-1271.54
-1409.62
-1400.35
-1528.39
-1406.44
-1545.39
-1490.85
-2050.15
-1873.28
-1746.04
-1600.93
-1607.72
-1589.42
-1587.01
-1587.87
-1731.40
-1725.96
-1729.77
-2049.24
-1282.55
-1553.66
-1411.36
-1412.13
-1665.59
-1536.19
-1416.95
-1544.60
-1668.94
-1238.90
-1897.52
-1384.18
-1524.77
-1275.07
-1666.59
-1538.31
-1280.50
-1405.83
-1390.24
-1404.67
-1527.11
-2045.86
-1528.17
-1212.78
-1494.75
-1339.89
-1497.78
-1344.79
-1499.71
-1341.75
-1511.28
-1385.89
-1891.53
-2047.12
-1517.14
-1397.03
-1396.76
-1527.09
-1524.73
-1520.18
-1385.39
-1237.66
-1407.52
-1413.13
-1586.98
-1413.02
-1699.60
-1546.80
-1647.91
-1389.47
-1518.24
-1649.24
-1389.70
-1524.47
-1865.60
-2049.81
-1734.73
-1600.29
-1463.99
-1461.51
-1451.79
-1593.63
-1592.00
-1725.97
-1588.13
-1587.86
-2046.71
-1585.06
-1724.63
-1724.47
-1399.64
-1273.67
-1662.20
-1529.28
-1393.07
-1389.22
-1522.29
-1891.50
-1522.32
-1398.95
-1272.84
-1660.80
-1527.89
-1392.02
-1391.39
-1519.05
-1524.83
-1647.27
-1758.38
-1399.24
-1387.84
-1522.60
-1646.55
-1521.01
-1204.62
-1494.91
-1339.64
-1385.72
-1650.00
-1897.80
-1519.22
-1642.19
-1844.62
-1714.64
-1644.44
-1513.72
-1641.32
-1511.16
-1647.70
-1844.56
-1755.50
-1715.05
-1414.02
-1574.87
-1418.45
-1702.27
-1542.74
-1700.36
-1700.58
-1547.40
-1641.43
-1607.99
-1511.50
-1205.42
-1368.52
-1208.95
-1498.65
-1335.75
-1494.43
-1494.26
-1339.60
-1259.00
-1751.29
-1420.67
-1250.61
-1255.76
-1419.31
-1255.13
-1561.87
-1704.48
-1546.37
-1548.36
-1389.53
-1583.42
-2045.98
-1703.72
-1547.18
-1703.41
-1546.75
-1700.43
-1543.28
-1384.79
-1547.63
-1389.28
-1709.94
-2049.80
-1551.72
-1708.02
-1550.55
-1554.71
-1388.68
-1847.41
-1692.03
-1792.46
-1390.93
-1229.43
-2051.87
-1530.60
-1519.52
-1363.72
-1517.47
-1517.02
-1514.31
-1361.25
-1649.99
-1523.62
-1650.61
-1909.98
-1522.87
-1495.54
-1363.75
-1662.19
-1222.68
-1229.19
-1517.69
-1358.73
-1503.00
-1502.54
-1751.92
-1356.74
-1648.69
-1490.92
-1524.76
-1363.76
-1649.25
-1490.91
-1646.38
-1636.06
-1502.52
-2048.73
-1388.27
-1518.19
-1527.17
-1648.23
-1227.99
-1345.93
-1524.47
-1367.41
-1650.49
-1495.74
-1907.89
-1638.62
-1480.18
-1531.11
-1538.19
-1529.25
-1539.55
-1233.67
-1374.26
-1404.39
-1242.48
-1750.80
-1397.91
-1239.16
-1243.97
-1075.22
-1540.74
-1385.49
-1414.70
-1405.43
-1433.70
-1244.35
-2050.89
-1255.84
-1399.93
-1423.93
-1159.62
-1426.20
-1226.73
-1582.33
-1580.33
-1426.86
-1583.20
-2047.11
-1537.81
-1276.23
-1127.25
-1586.19
-1535.01
-1426.58
-1563.58
-1563.08
-1313.03
-1361.56
-1891.72
-2046.05
-1564.18
-1552.97
-1554.03
-1572.21
-1564.22
-1723.48
-1441.45
-1454.59
-1376.16
-1574.68
-1897.65
-1582.50
-1437.54
-1364.28
-1426.12
-1353.47
-1560.67
-1561.34
-1441.52
-1293.27
-1596.43
-1754.73
-1278.85
-1539.65
-1130.20
-1137.66
-1555.58
-1579.89
-1543.16
-1299.08
-1312.66
-1285.95
-1588.99
-1148.05
-1306.50
-1222.34
-1050.61
-1145.25
-1047.64
-1570.90
-1444.86
-1230.57
-1300.46
-2050.05
-1299.35
-1425.35
-1288.68
-1217.83
-1423.05
-1287.26
-1304.21
-1221.64
-1428.46
-1585.91
-2049.96
-1582.64
-1425.16
-1558.06
-1615.12
-1717.52
-1604.22
-1720.99
-1545.91
-1447.67
-1480.15
-1898.25
-1578.82
-1582.20
-1719.14
-1571.34
-1464.21
-1496.10
-1495.37
-1615.54
-1716.62
-1633.93
-2046.72
-1483.68
-1580.87
-1584.58
-1582.53
-1602.35
-1352.60
-1489.72
-1335.24
-1496.52
-1717.69
-1891.76
-1613.34
-1490.51
-1721.11
-1632.68
-1475.85
-1599.82
-1715.47
-1735.44
-1482.36
-1318.72
-1649.74
-1340.00
-1448.29
-1444.11
-1431.46
-1317.11
-1320.71
-1452.25
-1452.71
-1477.93
-1711.85
-1597.85
-2045.79
-1328.78
-1715.39
-1610.23
-1735.31
-1485.01
-1578.77
-1710.79
-1609.75
-1467.52
-1379.28
-1607.77
-1431.60
-1495.25
-1334.87
-1430.41
-1574.56
-1569.80
-1478.02
-1353.34
-1262.57
-1392.58
-1505.25
-1265.80
-1267.33
-1561.68
-1711.83
-1585.81
-1576.49
-1418.77
-1483.32
-1446.62
-1710.40
-1613.21
-1718.57
-1575.44
-1718.15
-1716.28
-1600.78
-1576.85
-1732.60
-1466.25
-1325.99
-1718.05
-1528.48
-1593.15
-1717.04
-1719.64
-1609.60
-1608.52
-1488.33
-1728.42
-1587.82
-1718.37
-1325.71
-1513.63
-1443.84
-1366.08
-1444.08
-1492.61
-1487.35
-1492.43
-1714.08
-1632.37
-1374.58
-1512.44
-1622.07
-1383.16
-1301.43
-1440.03
-1483.91
-1352.29
-1486.28
-1352.96
-1659.75
-1319.98
-1266.38
-1211.56
-1335.89
-1352.80
-1467.11
-1481.21
-1319.39
-1463.64
-1313.78
-1660.86
-1461.79
-1264.35
-1122.37
-1264.07
-1377.12
-1323.67
-1444.08
-1562.89
-1716.54
-1718.88
-1358.25
-1450.81
-1716.69
-1713.32
-1452.80
-1449.37
-1473.48
-1732.56
-1596.37
-1715.96
-1717.54
-1530.77
-2064.84
-1488.23
-1728.72
-1716.03
-1710.06
-1479.26
-1711.15
-1365.92
-1351.03
-1463.01
-1489.07
-1370.15
-1350.31
-1384.49
-1375.25
-1301.31
-1300.24
-1438.72
-1460.57
-1577.58
-1336.85
-1613.83
-1300.48
-1445.53
-1261.81
-1246.00
-1390.28
-1425.30
-1568.72
-1309.94
-1449.28
-1230.27
-1478.67
-1374.99
-1561.75
-1717.86
-1717.32
-1589.94
-1584.60
-1429.95
-1486.56
-1414.88
-1710.53
-1492.56
-1717.71
-1721.00
-1718.77
-1577.64
-1581.72
-1734.67
-1330.49
-1725.05
-1582.17
-1718.08
-1500.31
-1592.66
-1610.06
-1327.02
-1447.74
-1359.90
-1733.79
-1719.54
-1444.90
-1374.71
-1366.50
-1534.80
-1288.47
-1231.30
-1212.42
-1586.98
-1480.64
-1369.93
-1360.48
-1346.82
-1485.68
-1613.99
-1509.43
-1357.97
-1477.16
-1285.28
-1517.83
-1410.06
-1412.54
-1357.20
-1338.75
-1594.70
-1492.93
-1526.96
-1212.37
-1367.00
-1287.54
-1291.06
-1231.02
-1213.03
-1446.43
-1485.27
-1370.42
-1352.75
-1760.27
-1463.68
-1320.55
-1186.31
-1461.29
-1353.03
-1464.47
-1320.98
-1320.28
-1358.28
-1327.39
-1764.72
-2045.72
-1428.31
-1440.01
-1330.68
-1450.19
-1258.68
-1379.27
-1574.11
-1431.80
-1348.41
-1376.97
-1758.43
-1370.72
-1270.43
-1316.19
-1565.31
-1714.85
-1718.44
-1451.49
-1436.57
-1466.69
-1359.52
-1764.80
-1407.06
-1716.78
-1719.54
-1716.30
-1453.68
-1578.52
-1439.59
-1475.01
-1735.08
-1716.20
-1802.80
-1597.15
-1716.05
-1735.96
-1718.87
-1371.65
-1358.20
-1203.34
-1587.24
-1289.92
-1144.34
-1782.24
-1519.30
-1411.95
-1181.09
-1317.48
-1462.38
-1317.94
-1409.98
-1231.24
-1377.11
-1368.22
-1784.71
-1576.91
-1437.02
-1330.88
-1447.98
-1260.07
-1377.38
-1430.41
-1386.37
-1459.17
-1314.58
-1804.68
-1155.76
-1428.24
-1270.23
-1575.73
-1457.93
-1314.33
-1154.32
-1464.48
-1612.25
-1435.86
-1782.21
-1583.64
-1462.41
-1716.28
-1610.96
-1481.40
-1338.65
-1179.84
-1715.42
-1322.92
-1178.37
-1747.90
-1018.44
-1455.55
-1312.81
-1155.40
-1311.50
-1166.51
-1006.46
-1480.66
-1338.18
-1178.40
-1782.79
-1712.22
-1426.77
-1269.43
-1435.52
-1572.63
-1321.07
-1177.01
-1017.04
-1716.29
-1435.28
-1763.23
-2045.81
-1583.22
-1714.18
-1441.21
-1719.81
-1589.06
-1482.75
-1339.47
-1177.97
-1341.18
-1196.17
-1652.72
-1033.83
-1713.57
-1339.81
-1195.65
-1033.13
-1346.72
-1202.77
-1040.33
-1436.41
-1274.45
-1518.02
-1577.48
-1237.84
-1072.55
-1380.68
-1713.86
-1301.46
-1143.43
-1449.59
-1714.67
-1719.60
-1497.58
-1711.42
-1231.26
-1070.27
-1379.81
-1569.88
-1620.12
-1571.09
-1563.58
-1617.73
-1566.16
-1774.75
-1563.71
-1618.54
-1559.93
-1614.90
-1570.47
-1621.62
-1706.44
-1759.32
-1710.30
-1706.45
-1748.95
-1760.86
-1457.69
-1564.76
-1407.66
-1415.29
-1410.14
-1464.74
-1568.04
-1619.98
-1566.50
-1758.41
-1617.24
-1565.37
-1706.00
-1759.89
-1708.82
-1409.25
-1462.20
-1709.71
-1705.63
-1760.42
-1512.19
-1328.29
-1472.45
-1467.36
-1606.45
-1612.55
-1723.84
-1725.00
-1608.25
-1724.16
-1607.60
-1512.40
-1614.34
-1752.28
-1866.88
-1866.72
-1751.84
-1471.49
-1572.15
-1454.72
-1611.54
-1610.42
-1653.90
-1603.19
-1867.10
-1752.20
-1865.59
-1867.38
-1750.90
-1440.53
-1438.99
-1441.86
-1581.66
-1650.28
-2046.26
-1316.78
-1580.73
-1282.56
-1578.06
-1580.76
-1700.41
-1854.36
-1696.54
-1324.75
-1318.51
-1655.11
-1320.39
-1328.91
-1459.48
-1328.43
-1725.70
-1455.67
-1327.04
-1723.47
-1455.07
-1329.52
-1603.13
-1460.27
-1465.82
-1602.95
-1467.66
-1867.98
-1600.25
-1469.35
-1603.22
-1167.84
-1570.67
-1531.90
-1299.39
-1466.92
-1869.38
-1601.96
-1602.66
-1468.02
-1868.72
-1599.70
-1548.40
-1551.09
-1376.82
-1550.50
-1698.22
-1694.50
-1396.43
-1696.10
-1858.93
-1754.43
-1694.05
-1472.35
-1469.98
-1765.89
-1611.50
-1585.54
-1312.18
-1583.00
-1611.86
-1386.20
-1383.69
-1525.53
-1379.19
-1510.60
-1756.36
-1225.13
-1375.68
-1508.09
-1525.90
-1301.69
-1712.18
-1447.67
-1712.06
-1712.32
-1860.52
-1787.24
-1579.68
-1608.06
-1617.93
-1616.00
-1861.53
-1869.50
-1745.44
-1758.24
-1726.58
-1474.78
-1638.25
-1862.12
-1720.81
-1868.38
-1605.40
-1870.07
-1724.52
-1745.69
-1756.68
-1725.12
-1436.20
-1632.12
-1502.12
-1432.42
-1500.64
-1444.18
-1498.67
-1576.84
-1634.47
-1574.25
-1642.43
-1365.61
-1747.92
-2046.22
-1795.00
-1576.15
-1629.72
-1573.91
-1633.17
-1584.46
-1571.21
-1639.68
-1854.62
-1423.95
-1564.18
-1605.94
-1563.52
-1562.46
-1330.99
-1350.15
-1456.37
-1465.05
-1463.46
-1476.44
-1604.42
-1604.32
-1787.38
-1624.83
-1471.89
-1576.73
-1494.99
-1603.51
-1600.89
-1569.66
-1399.92
-1717.64
-1407.05
-1519.13
-1434.72
-1433.70
-1311.11
-1575.03
-1313.95
-1573.75
-1240.08
-1381.59
-1380.76
-1387.19
-1611.14
-1521.04
-1548.93
-1382.32
-1516.96
-1565.88
-1441.33
-1441.36
-1582.48
-1718.74
-1716.23
-1928.85
-1586.25
-1717.66
-1857.18
-1329.29
-1443.62
-1285.86
-1718.14
-1449.32
-1721.01
-1452.21
-1537.40
-1332.68
-1858.92
-1871.12
-1605.88
-1591.14
-1862.52
-1720.90
-1461.74
-1602.52
-1609.47
-1374.26
-1474.10
-1868.20
-1866.44
-1604.09
-1590.50
-1590.46
-1732.12
-1861.05
-1439.40
-1438.88
-1654.22
-1485.91
-1482.27
-1584.95
-1618.81
-1585.62
-1621.02
-1584.23
-1615.06
-1485.74
-1582.74
-1765.39
-1614.61
-1585.07
-1584.06
-1619.58
-1361.90
-1361.23
-1373.53
-1427.02
-1508.07
-1564.68
-1633.27
-2047.30
-1507.55
-1573.35
-1507.79
-1561.21
-1381.73
-1435.09
-1505.83
-1561.71
-1503.28
-1505.79
-1780.38
-1570.55
-1443.43
-1575.89
-1709.14
-1588.76
-1718.61
-1853.35
-1746.71
-1615.83
-1699.99
-1672.42
-1350.11
-1423.32
-1477.12
-1571.43
-1606.55
-1605.15
-1495.08
-1569.97
-1293.48
-1365.61
-1511.47
-1514.91
-1554.23
-1523.34
-1438.99
-1512.49
-1327.09
-1312.80
-1446.64
-1577.79
-1605.95
-1619.37
-1472.37
-1515.68
-1237.81
-1497.07
-1382.97
-1710.90
-1577.91
-1471.71
-1609.94
-1584.20
-1625.54
-1709.01
-1709.38
-1718.24
-1714.28
-1715.47
-1703.79
-1713.57
-1717.09
-1720.20
-1706.79
-1643.51
-1713.09
-1858.16
-1457.71
-1864.13
-1605.65
-1609.38
-1721.45
-1723.15
-1867.54
-1871.07
-1642.63
-1564.00
-1870.48
-1606.54
-1853.29
-1748.27
-1719.24
-1746.49
-1601.32
-1859.72
-1728.07
-1795.54
-1860.48
-1732.59
-1727.42
-1449.31
-1508.36
-1580.34
-1577.76
-1632.27
-1576.99
-1572.45
-1639.97
-1632.05
-1570.95
-1626.77
-1850.08
-1427.51
-1565.90
-1555.53
-1340.28
-1349.74
-1337.21
-1511.00
-2044.34
-1338.49
-1735.50
-1738.80
-1625.46
-1480.88
-1569.14
-1487.75
-1487.80
-1597.39
-1610.32
-1639.14
-1561.11
-1613.15
-1309.20
-1471.33
-1309.58
-1722.86
-1565.57
-1723.01
-1560.92
-1717.74
-1389.73
-1606.20
-1449.08
-1756.52
-1612.17
-1451.06
-1214.00
-1212.86
-1739.36
-1356.95
-1628.37
-1386.81
-1355.27
-1282.94
-1280.55
-1281.55
-1668.51
-1667.77
-1547.29
-1422.40
-1430.49
-1556.59
-1520.53
-1422.61
-1315.20
-1565.05
-1463.15
-1633.90
-1563.94
-1428.62
-1581.78
-1450.20
-1317.55
-1378.13
-1468.85
-1478.34
-1446.21
-1614.65
-1500.00
-1481.20
-1444.96
-1607.40
-1597.85
-1580.80
-1507.40
-1451.77
-1595.62
-1607.19
-1577.57
-1439.50
-1550.43
-1562.02
-1425.63
-1353.27
-1702.37
-1761.93
-1553.18
-1395.04
-1569.10
-1302.59
-1575.72
-1564.39
-1500.52
-1389.80
-1364.76
-1525.43
-1786.07
-1507.43
-1570.40
-1423.24
-1432.78
-1708.80
-1719.34
-1585.65
-1716.12
-1719.65
-1713.11
-1784.07
-1704.23
-1562.32
-1582.32
-1710.07
-1717.55
-1722.72
-1706.10
-1565.33
-1589.11
-1717.88
-1648.88
-2045.12
-1857.06
-1314.53
-1306.95
-1454.24
-1334.61
-1331.28
-1611.43
-1161.81
-1478.89
-1865.45
-1786.95
-1453.94
-1291.90
-1721.94
-1461.35
-1720.72
-1460.91
-1867.93
-1870.74
-1601.97
-1566.44
-1794.29
-1292.58
-1605.31
-1450.11
-1718.67
-1459.88
-1720.81
-1451.64
-1858.76
-1593.91
-1859.97
-1470.45
-1595.71
-1851.51
-1487.25
-1489.40
-1586.91
-1585.99
-1617.55
-1445.52
-1589.29
-1574.14
-1645.86
-1608.50
-1384.91
-1380.87
-1435.81
-1511.09
-1508.17
-1564.47
-1362.61
-1511.72
-1497.98
-1633.76
-1554.79
-1580.87
-1712.31
-1721.17
-1561.00
-1721.82
-1561.99
-1857.10
-1481.95
-1739.78
-1652.22
-1740.29
-1608.25
-1425.91
-1668.68
-1669.35
-1555.97
-1301.04
-1317.18
-1451.24
-1445.16
-1644.84
-1578.67
-1579.20
-1447.75
-1613.38
-1496.89
-1671.44
-1552.43
-1345.32
-1366.19
-1497.64
-1645.38
-1564.61
-1488.72
-1605.32
-1608.18
-1610.40
-1453.35
-1549.57
-1391.34
-1699.78
-1704.91
-1643.10
-1558.56
-1396.15
-1629.05
-1360.84
-1299.28
-1569.61
-1302.67
-1566.58
-1574.47
-1559.48
-1666.96
-2046.73
-1443.74
-1426.35
-1361.93
-1498.91
-1368.78
-1510.16
-1519.20
-1572.65
-1496.96
-1449.87
-1365.99
-1466.88
-1384.44
-1553.30
-1569.33
-1555.10
-1710.63
-1708.01
-1581.83
-1577.09
-1419.38
-1627.10
-1477.50
-1406.56
-1571.53
-1707.83
-1573.47
-1574.95
-1476.14
-1486.36
-1487.22
-1628.60
-1782.09
-1476.61
-1711.10
-1707.22
-1604.52
-1729.98
-1343.04
-1472.60
-1257.89
-1374.87
-1477.71
-1645.68
-1506.22
-1342.31
-1480.05
-1292.55
-1406.99
-1433.18
-1720.75
-1344.42
-1455.50
-1611.63
-1455.56
-1359.15
-1441.53
-1354.04
-1364.84
-1358.07
-1347.17
-1349.66
-1477.49
-1345.19
-1648.89
-1307.72
-1442.65
-1256.30
-1387.74
-1437.40
-1711.82
-1713.98
-1583.67
-1699.17
-1709.99
-1488.87
-1708.98
-1710.44
-1585.40
-1469.22
-1310.76
-1464.54
-1724.69
-1704.64
-1585.42
-1708.21
-1525.86
-1327.60
-1437.23
-1581.53
-1471.92
-1347.52
-1319.18
-1706.94
-1510.55
-1402.78
-1710.03
-1504.21
-1584.43
-1347.27
-1435.39
-1354.30
-1480.26
-1484.45
-1339.20
-1706.47
-1702.87
-1710.02
-1509.52
-2046.34
-1708.87
-1705.49
-1697.80
-1707.74
-1714.33
-1705.60
-1700.02
-1706.56
-1860.30
-1608.86
-1786.19
-1851.04
-1593.40
-1726.03
-1720.36
-1599.87
-1441.28
-1602.21
-1603.60
-1580.58
-1860.47
-1512.58
-1599.47
-1859.41
-1726.13
-1858.90
-1733.09
-1726.23
-1714.03
-1587.07
-1716.50
-1586.31
-1529.06
-1860.91
-1861.66
-1725.56
-1557.43
-1425.52
-1862.40
-1733.00
-1726.38
-1428.17
-1434.55
-1788.35
-1493.39
-1572.16
-1564.14
-1620.30
-1494.52
-1570.27
-1625.88
-1573.23
-1569.91
-1624.43
-1647.96
-1847.52
-1849.75
-1709.39
-1710.27
-1848.92
-1549.38
-1420.38
-1554.25
-1557.29
-1568.06
-1776.26
-1489.23
-1479.11
-1602.42
-1462.09
-1349.82
-1615.98
-1730.56
-1730.71
-1615.46
-1574.21
-1784.42
-1560.03
-1600.79
-1442.10
-1420.65
-1713.47
-1555.34
-1586.38
-1426.76
-1716.13
-1558.01
-1781.70
-1710.80
-1614.85
-1346.56
-1462.51
-1598.20
-1326.99
-1464.70
-1329.48
-1733.32
-1466.67
-1622.31
-1549.52
-1409.18
-1412.14
-1547.14
-1391.19
-1659.66
-1528.09
-1533.46
-1394.67
-1662.77
-1785.84
-2044.91
-1530.41
-1539.97
-1430.70
-1562.12
-1466.33
-1600.69
-1619.65
-1556.97
-1544.03
-1455.76
-1771.04
-1605.63
-1486.63
-1478.31
-1484.56
-1494.20
-1470.40
-1490.19
-1569.11
-1435.76
-1590.29
-1506.19
-1601.52
-1612.67
-1609.24
-1479.07
-1598.08
-1424.26
-1263.40
-1429.97
-1598.01
-1609.38
-1784.66
-1476.65
-1402.34
-1605.74
-1614.73
-1753.95
-1612.53
-1455.26
-1609.12
-1452.52
-1489.24
-1780.35
-1624.97
-1494.64
-1627.89
-1359.55
-1431.75
-1557.87
-1556.54
-1430.20
-1422.33
-1598.79
-1654.22
-1546.18
-1439.99
-1474.93
-1624.50
-1494.34
-1289.21
-1317.50
-1456.70
-1296.98
-1422.49
-1520.69
-1421.17
-1287.92
-1423.22
-1310.11
-1319.09
-1444.04
-1467.24
-1578.71
-1581.30
-1451.52
-1779.73
-1577.14
-1456.12
-1446.08
-1457.02
-1598.25
-1566.13
-1581.66
-1163.28
-1460.16
-1299.23
-1780.81
-1433.09
-1461.50
-1299.90
-1548.81
-1412.44
-1343.02
-1546.98
-1412.57
-1341.11
-1392.87
-1640.68
-1302.22
-1361.68
-1426.76
-1266.16
-1073.75
-1375.66
-1216.53
-1705.39
-1707.60
-1444.69
-1770.01
-2044.96
-1705.29
-1708.68
-1705.89
-1470.81
-1723.02
-1583.01
-1703.61
-1707.80
-1471.43
-1343.03
-1781.29
-1251.77
-1365.72
-1248.57
-1703.82
-1575.22
-1504.16
-1397.01
-1707.52
-1696.10
-1271.03
-1505.88
-1354.18
-1302.69
-1448.00
-1338.40
-1243.33
-1272.11
-1361.75
-1474.54
-1352.88
-1275.11
-1776.84
-1452.81
-1318.81
-1368.11
-1707.28
-1704.80
-1705.73
-1698.26
-1699.17
-1706.05
-1710.04
-1779.89
-1704.50
-1563.37
-1563.70
-1704.84
-1853.50
-1715.32
-1716.02
-1457.85
-1716.00
-1452.85
-1518.18
-1717.43
-1717.28
-1453.52
-1447.91
-1442.27
-1854.28
-1717.96
-1457.72
-1855.07
-1588.48
-1614.05
-1856.03
-1594.37
-1279.51
-1710.52
-1450.84
-1709.78
-1448.70
-1853.75
-1857.21
-1592.58
-1527.77
-1553.33
-1279.69
-1855.61
-1594.02
-1439.62
-1468.57
-1434.12
-1464.66
-1442.47
-1574.30
-1510.88
-1606.43
-1575.19
-1572.79
-1606.50
-1363.63
-1416.48
-1356.81
-1414.10
-1363.55
-1498.19
-1765.27
-1553.14
-1499.97
-1496.68
-1552.78
-1696.76
-1715.62
-1708.93
-1551.09
-1709.28
-1553.07
-1765.47
-2044.98
-1840.83
-1456.64
-1460.00
-1329.62
-1724.96
-1726.96
-1595.30
-1402.09
-1406.54
-1394.93
-1916.81
-1655.68
-1658.37
-1542.99
-1449.71
-1431.06
-1562.66
-1649.18
-1485.73
-1658.10
-1490.98
-1917.14
-1483.17
-1338.76
-1404.09
-1425.93
-1448.32
-1451.26
-1569.24
-1601.04
-1471.31
-1276.14
-1654.63
-1197.11
-1396.67
-1652.48
-1551.22
-1421.71
-1551.14
-1396.15
-1554.60
-1423.26
-1491.69
-1632.50
-1366.32
-1436.75
-1307.37
-1314.20
-1434.75
-1547.66
-1414.84
-1341.91
-1558.73
-1398.71
-1668.31
-1559.34
-1697.32
-1558.76
-1400.83
-1551.13
-1394.10
-1567.19
-1570.14
-1305.65
-1437.73
-1759.68
-1566.56
-1302.65
-1423.76
-1565.82
-1498.27
-1499.69
-1371.98
-1498.75
-1373.04
-1364.25
-1755.67
-1366.32
-1512.15
-1557.08
-1499.73
-1408.57
-1563.15
-1431.74
-1424.56
-1264.86
-1350.24
-1901.58
-1370.39
-1207.59
-1583.81
-1585.49
-1567.55
-1576.92
-1580.26
-1574.53
-1582.46
-1411.07
-1787.96
-1442.99
-1372.75
-1296.11
-1565.74
-1565.16
-1718.54
-1430.45
-1486.42
-1412.24
-1591.64
-1659.62
-2044.71
-1476.05
-1568.34
-1522.90
-1399.77
-1417.48
-1576.01
-1587.80
-1714.63
-1584.10
-1440.02
-1624.28
-1739.24
-1599.61
-1597.99
-1318.17
-1350.59
-1734.19
-1715.12
-1739.17
-1447.01
-1377.94
-1772.93
-1350.18
-1278.79
-1227.75
-1359.04
-1590.07
-1503.63
-1349.10
-1312.45
-1312.75
-1453.64
-1626.66
-1594.39
-1345.73
-1580.81
-1272.93
-1280.75
-1520.28
-1427.73
-1735.84
-1492.52
-1339.76
-1617.73
-1718.31
-1456.81
-1596.76
-1597.51
-1210.26
-1359.12
-1212.39
-1354.08
-1278.66
-1374.13
-1785.30
-1213.87
-1439.94
-1301.04
-1578.95
-1590.64
-1469.39
-1604.79
-1503.21
-1350.16
-1354.71
-1769.35
-1566.12
-1410.16
-1572.10
-1418.74
-1567.66
-1409.92
-1514.97
-1519.19
-1580.63
-1587.63
-1781.28
-1343.78
-1603.15
-1270.29
-1533.00
-1518.31
-1523.12
-1716.37
-1597.33
-1595.56
-1588.78
-1638.57
-1470.47
-1341.07
-1349.49
-1583.17
-1277.04
-1529.77
-1515.64
-1427.57
-1441.72
-1334.65
-1643.68
-1330.69
-1224.18
-1359.63
-1208.65
-1488.31
-1349.27
-1234.76
-1352.80
-1293.85
-1305.16
-1784.49
-2191.69
-1897.37
-1329.06
-1275.87
-1717.26
-1719.23
-1471.41
-1208.07
-1732.85
-1466.89
-1328.72
-1326.29
-1643.82
-1594.53
-1593.20
-1327.79
-1059.31
-1177.56
-1445.63
-1469.08
-1209.01
-1731.14
-1468.54
-1646.91
-1328.68
-1589.34
-1717.30
-1326.28
-1059.16
-1482.57
-1415.14
-1454.31
-1586.70
-1481.54
-1917.04
-1350.08
-1084.63
-1585.18
-1324.94
-1061.53
-1510.39
-1412.87
-1334.22
-1327.89
-1592.41
-1917.78
-1716.14
-1591.54
-1350.26
-1084.82
-1586.69
-1528.82
-1386.43
-1516.14
-1176.75
-1312.18
-1918.18
-1443.59
-1586.56
-1586.91
-1588.67
-1350.88
-1081.42
-1584.42
-1180.16
-1446.75
-1566.35
-1655.45
-1410.50
-1584.35
-1513.35
-1582.84
-1590.17
-1514.52
-1517.15
-1322.71
-1719.19
-1589.92
-1916.82
-1528.06
-1384.73
-1581.98
-1515.32
-1712.95
-1714.74
-1453.65
-1711.91
-1450.54
-1717.17
-1916.61
-1711.13
-1450.85
-1304.19
-1138.18
-1568.22
-1407.81
-1565.99
-1566.95
-1412.17
-1862.87
-1657.51
-1462.42
-1462.97
-1721.78
-1723.89
-1566.27
-1720.50
-1722.83
-1566.03
-1431.46
-1486.41
-1656.48
-2189.55
-1327.09
-1438.35
-1490.47
-1436.69
-1487.22
-1434.72
-1277.00
-1329.87
-1575.59
-1632.80
-1915.19
-1414.83
-1255.41
-1414.10
-1420.14
-1255.59
-1562.49
-1482.38
-1481.16
-1737.00
-1736.93
-1657.07
-1623.91
-1302.61
-1466.42
-1305.66
-1302.66
-1718.79
-1560.72
-1574.34
-1574.01
-1721.15
-1780.03
-1565.58
-1723.31
-1561.80
-1716.52
-1211.43
-1340.19
-1211.08
-1207.75
-1739.30
-1283.59
-1640.74
-1406.92
-1413.76
-1276.17
-1403.68
-1400.81
-1666.22
-1670.67
-1546.45
-1564.22
-1584.35
-1783.36
-1729.59
-1739.46
-1269.07
-1275.06
-1707.16
-1440.12
-1719.74
-1721.82
-1587.63
-1588.03
-1641.02
-1514.91
-1514.86
-1722.58
-1565.90
-1723.32
-1568.07
-1710.57
-1552.34
-1727.43
-1213.76
-1504.67
-1344.87
-1657.90
-1274.29
-1665.99
-1403.57
-1671.43
-1312.40
-1457.08
-1487.85
-1406.85
-1646.90
-1310.73
-1354.89
-1439.64
-1329.81
-1297.64
-1467.55
-1464.40
-1453.98
-1461.18
-1456.39
-1645.29
-1463.20
-1344.98
-1476.80
-1616.04
-1470.63
-1342.26
-1473.27
-1337.73
-1312.26
-1179.37
-1937.43
-2192.00
-1483.76
-1189.07
-1192.32
-1344.27
-1178.98
-1468.22
-1306.65
-1465.04
-1418.92
-1469.15
-1799.49
-1264.78
-1473.59
-1315.23
-1412.80
-1611.74
-1481.88
-1410.52
-1474.37
-1406.96
-1612.68
-1657.83
-1480.45
-1408.84
-1479.66
-1320.33
-1472.88
-1314.10
-1318.47
-1150.39
-1615.44
-1460.20
-1912.98
-1226.76
-1220.58
-1053.25
-1370.22
-1562.68
-1419.20
-1287.52
-1417.07
-1285.60
-1259.05
-1795.33
-1124.33
-1430.64
-1475.08
-1290.35
-1125.12
-1416.11
-1255.63
-1413.01
-1489.79
-1494.51
-1796.04
-1494.41
-1336.97
-1420.36
-1423.43
-1264.82
-1335.92
-1342.73
-1344.54
-1486.15
-1327.67
-1912.05
-1460.97
-1324.01
-1450.73
-1318.69
-1322.49
-1433.32
-1430.06
-1428.52
-1430.95
-1580.27
-1557.40
-1443.77
-1440.44
-1282.81
-1456.32
-1298.52
-1437.64
-1279.05
-1436.72
-1277.77
-1433.77
-1935.64
-1432.72
-1455.16
-1467.11
-1437.43
-1278.25
-1466.53
-1309.47
-1161.48
-1163.80
-1165.21
-1933.84
-1585.49
-1573.44
-1583.54
-1582.13
-1582.09
-1446.35
-1582.51
-1577.48
-1444.57
-1579.98
-1792.38
-2190.06
-1298.68
-1417.61
-1322.10
-1309.33
-1223.24
-1564.48
-1568.38
-1453.21
-1558.91
-1458.63
-1790.94
-1402.25
-1426.90
-1345.59
-1571.69
-1438.58
-1483.97
-1583.85
-1458.68
-1331.18
-1587.14
-1920.23
-1465.33
-1331.92
-1329.63
-1453.71
-1458.51
-1459.71
-1463.31
-1323.21
-1588.07
-1461.17
-1935.54
-1319.41
-1445.46
-1365.10
-1632.72
-1491.09
-1492.35
-1244.44
-1359.29
-1740.70
-1609.65
-1685.56
-1217.33
-1477.58
-1351.87
-1123.96
-1256.58
-1392.24
-1323.46
-1283.02
-1308.59
-1215.35
-1676.92
-1582.80
-1456.53
-1319.61
-1344.27
-1485.95
-1298.63
-1288.10
-1434.08
-1362.56
-1738.28
-1928.10
-1610.75
-1483.46
-1239.22
-1368.94
-1159.31
-1284.48
-1214.49
-1337.60
-1312.23
-1461.01
-1781.43
-1243.03
-1152.05
-1116.01
-1242.88
-1369.28
-1570.62
-1437.87
-1284.36
-1566.74
-1411.64
-1762.76
-1566.30
-1411.70
-1191.46
-1319.54
-1453.26
-1320.68
-1380.39
-1401.48
-1379.69
-1422.94
-1608.61
-1583.12
-1459.06
-1590.08
-1534.68
-1409.76
-1470.43
-1591.66
-1231.52
-1495.68
-1147.27
-1910.33
-2189.76
-1417.60
-1230.86
-1351.55
-1475.03
-1486.50
-1304.91
-1432.81
-1282.45
-1285.68
-1179.55
-1530.23
-1301.34
-1333.28
-1461.80
-1422.32
-1284.54
-1242.44
-1370.19
-1458.34
-1360.80
-1284.51
-1555.40
-1307.74
-1215.13
-1483.67
-1347.54
-1347.37
-1276.01
-1159.33
-1491.64
-1240.61
-1513.38
-1935.49
-1375.03
-1153.30
-1435.95
-1295.96
-1198.32
-1176.14
-1328.97
-1340.64
-1238.65
-1793.18
-1249.98
-1271.38
-1270.70
-1321.05
-1456.42
-1732.74
-1599.57
-1331.80
-1482.21
-1732.03
-1793.67
-1599.84
-1464.53
-1330.96
-1590.86
-1480.56
-1324.54
-1189.55
-1458.51
-1350.17
-1256.09
-1795.05
-1123.47
-1240.76
-1374.66
-1254.89
-1125.07
-1274.15
-1411.89
-1445.16
-1248.46
-1382.22
-1800.57
-1421.14
-1275.43
-1410.94
-1475.58
-1342.10
-1210.11
-1476.22
-1360.32
-1277.85
-1150.53
-1932.05
-1183.44
-1323.87
-1189.89
-1317.32
-1457.06
-1348.14
-1253.78
-1125.81
-1278.92
-1148.10
-1916.53
-1515.25
-1238.37
-1372.49
-1283.06
-1568.62
-1409.99
-1189.09
-1321.91
-1517.23
-1251.20
-1920.36
-2189.38
-1383.10
-1515.56
-1257.54
-1389.73
-1458.07
-1590.50
-1348.23
-1479.55
-1236.15
-1361.94
-1916.78
-1278.89
-1148.58
-1335.03
-1192.91
-1461.54
-1324.15
-1246.66
-1376.46
-1509.49
-1713.92
-1937.27
-1583.64
-1707.17
-1577.99
-1712.30
-1583.12
-1279.43
-1442.18
-1282.06
-1571.00
-1408.72
-1555.23
-1567.71
-1568.18
-1411.91
-1162.03
-1328.70
-1156.77
-1162.78
-1326.49
-1158.53
-1472.09
-1406.19
-1454.41
-1297.05
-1456.81
-1457.41
-1453.25
-1292.86
-1287.53
-1460.63
-1459.03
-1293.47
-1550.46
-1602.75
-1366.48
-1365.93
-1364.59
-1204.54
-1505.72
-1706.25
-1575.71
-1278.59
-1438.29
-1549.69
-1166.69
-1457.91
-1298.51
-1465.83
-1464.84
-1604.17
-1420.31
-1411.34
-1409.01
-1555.31
-1661.32
-1442.33
-1574.02
-1493.94
-1705.76
-1574.09
-1712.86
-1579.04
-1317.58
-1450.75
-1182.59
-1665.06
-1316.15
-1423.21
-1713.60
-1556.03
-1333.46
-1465.07
-1661.49
-1392.70
-1526.40
-1182.23
-1786.91
-1293.39
-1425.78
-1446.76
-1468.02
-1205.43
-1248.73
-1385.18
-1386.71
-1514.83
-1247.03
-1661.23
-2190.69
-1390.23
-1415.77
-1276.37
-1182.61
-1288.62
-1356.00
-1621.71
-1478.95
-1480.73
-1219.26
-1687.21
-1471.66
-1339.22
-1383.17
-1231.29
-1357.61
-1274.41
-1329.00
-1241.96
-1602.21
-1465.91
-1554.85
-1399.12
-1604.06
-1471.76
-1399.78
-1314.01
-1451.03
-1222.38
-1360.52
-1286.76
-1314.55
-1768.47
-1130.71
-1452.15
-1454.80
-1167.58
-1298.52
-1363.19
-1206.69
-1411.06
-1395.10
-1407.70
-1615.04
-1395.20
-1411.70
-1403.59
-1076.42
-1309.71
-1304.85
-1445.00
-1255.81
-1257.10
-1400.63
-1768.92
-1303.56
-1447.43
-1293.71
-1302.50
-1584.21
-1303.12
-1441.97
-1445.43
-1458.84
-1321.55
-1615.57
-1188.55
-1384.23
-1241.63
-1448.92
-1183.96
-1375.86
-1317.19
-1241.88
-1318.24
-1244.44
-1524.08
-1357.53
-1557.15
-1424.70
-1353.46
-1419.58
-1352.20
-1558.52
-1426.54
-1354.39
-1419.69
-1649.12
-1262.99
-1101.34
-1428.21
-1268.92
-1421.56
-1261.74
-1266.38
-1098.80
-1560.54
-1404.50
-1524.76
-1169.72
-1005.85
-1176.23
-1169.02
-1002.62
-1315.13
-1426.72
-1268.21
-1230.84
-1239.32
-1655.63
-2191.74
-1234.56
-1073.94
-1373.73
-1370.11
-1213.21
-1418.70
-1068.82
-1237.05
-1066.53
-1361.20
-1620.76
-1200.49
-1356.65
-1427.28
-1432.42
-1425.95
-1432.64
-1434.21
-1276.72
-1434.79
-1278.26
-1624.53
-1355.33
-1372.48
-1380.64
-1358.95
-1200.27
-1380.61
-1223.38
-1409.00
-1281.82
-1148.41
-1779.90
-1269.02
-1139.22
-1142.80
-1197.01
-1065.95
-1057.63
-1573.50
-1638.72
-1444.63
-1371.45
-1449.89
-1446.59
-1327.94
-1304.67
-1375.99
-1254.55
-1249.91
-1250.50
-1643.10
-1422.13
-1573.20
-1444.52
-1371.53
-1419.95
-1451.61
-1328.60
-1268.30
-1322.44
-1460.73
-1934.12
-1319.07
-1304.18
-1249.79
-1291.90
-1447.47
-1246.69
-1227.02
-1917.82
-1573.34
-1446.98
-1376.33
-1573.55
-1453.44
-1445.73
-1330.92
-1319.57
-1373.66
-1408.29
-1269.84
-1448.88
-1327.62
-1255.56
-1421.20
-1295.88
-1229.60
-1321.35
-1249.43
-1544.16
-1328.72
-1255.13
-1285.61
-1450.02
-1320.79
-1246.78
-1312.82
-1305.22
-1400.16
-2191.85
-1321.44
-1249.80
-1330.80
-1322.88
-1211.08
-1548.39
-1445.57
-1375.77
-1325.75
-1257.13
-1318.86
-1248.50
-1430.17
-1272.56
-1571.36
-1787.80
-1302.50
-1144.88
-1445.25
-1429.56
-1272.70
-1571.30
-1303.42
-1143.79
-1446.57
-1304.71
-1544.22
-1146.75
-1446.33
-1158.07
-1000.01
-1300.91
-1301.61
-1144.85
-1444.40
-1175.07
-1014.79
-1785.04
-1318.58
-1305.81
-1146.11
-1448.08
-1158.39
-998.84
-1302.07
-1306.18
-1145.60
-1448.88
-1686.67
-1180.34
-1019.74
-1324.32
-1180.68
-1018.60
-1324.24
-1164.86
-1003.69
-1308.21
-1450.05
-1556.22
-1446.62
-1589.87
-1588.40
-1418.04
-1416.87
-1563.53
-1249.26
-1563.63
-1296.14
-1293.70
-1677.24
-1444.60
-1130.81
-1443.74
-1228.95
-1227.48
-1377.21
-1057.90
-1376.59
-1579.28
-1581.87
-1934.67
-1437.20
-1228.05
-1359.78
-1368.25
-1264.00
-1088.85
-1413.76
-1240.58
-1564.18
-996.47
-1794.17
-1147.12
-1069.99
-1221.07
-1362.52
-1435.80
-1365.48
-1793.06
-1634.78
-1240.32
-1453.83
-1289.50
-1311.07
-1260.78
-1275.55
-1296.80
-1799.95
-1246.17
-1437.10
-1296.74
-1437.89
-1318.60
-1311.57
-1310.14
-1317.18
-1320.32
-1309.06
-1657.73
-1438.39
-1428.63
-1425.70
-1418.13
-1567.61
-1440.94
-1282.03
-1110.11
-1360.84
-1236.01
-1916.86
-1362.48
-1239.84
-1234.45
-1234.36
-1241.55
-1241.26
-1349.59
-1213.40
-1036.50
-1415.52
-1796.01
-1273.77
-1203.40
-1417.75
-1256.69
-1298.78
-1161.78
-1228.25
-1362.13
-1283.41
-1292.35
-1927.48
-1220.93
-1312.73
-1239.32
-1247.89
-1316.00
-1241.52
-1430.74
-1319.77
-1246.53
-1318.79
-1246.02
-1245.87
-1549.00
-1179.66
-1440.98
-1050.20
-1314.85
-1180.52
-1440.43
-1049.76
-1314.63
-1052.74
-1315.35
-1539.53
-1051.63
-1314.01
-1052.57
-1317.52
-1050.62
-1316.71
-1439.22
-1443.15
-1441.95
-1282.99
-1543.25
-1295.01
-1296.13
-1136.23
-1219.74
-1219.46
-1245.03
-1679.43
-1645.66
-1936.61
-1369.09
-1113.93
-1242.64
-1244.22
-1369.73
-1115.58
-1244.30
-1118.32
-1243.51
-1115.27
-1785.12
-1242.45
-1115.15
-1246.35
-1117.96
-1245.87
-893.41
-1206.05
-1026.20
-1143.89
-1541.09
-1294.47
-1293.13
-1437.67
-1020.97
-1166.55
-1308.09
-1096.20
-1239.32
-1009.94
-1297.16
-1804.84
-1223.34
-1163.53
-1094.86
-926.22
-825.76
-1227.74
-1229.27
-1069.38
-1308.31
-1294.03
-1676.62
-1323.80
-1462.95
-1553.80
-1684.45
-1553.26
-1547.55
-1517.50
-1780.77
-1777.55
-1653.88
-1405.32
-1528.71
-1375.13
-1522.43
-1519.70
-1546.82
-1400.72
-1518.88
-1519.84
-1788.78
-1659.10
-1512.81
-1660.10
-1761.22
-1766.10
-1633.68
-1763.68
-1606.30
-1779.34
-1653.74
-1782.46
-1515.35
-1767.64
-1622.36
-1917.42
-1762.56
-1609.81
-1916.81
-1770.09
-1616.95
-1914.03
-1777.61
-1762.40
-1608.50
-1780.44
-1788.72
-1519.95
-1788.09
-1786.04
-1653.61
-1517.83
-1622.40
-1775.28
-1780.81
-1639.37
-1931.93
-1648.85
-1905.93
-1789.96
-1803.45
-1781.04
-1787.78
-1783.16
-1744.84
-1653.82
-1792.73
-1916.19
-1933.61
-1792.47
-1424.93
-1558.05
-1800.01
-1786.07
-1683.16
-1643.64
-1670.44
-1566.63
-1556.12
-1780.42
-1670.53
-1428.22
-1532.33
-1541.07
-1540.23
-1545.97
-1785.27
-1781.18
-1654.05
-1673.28
-1686.34
-1683.09
-1552.82
-1684.48
-1554.30
-1553.34
-1365.11
-1779.98
-1502.63
-1525.86
-1661.29
-1546.91
-1515.17
-1659.76
-1767.17
-1634.20
-1771.69
-1769.81
-1922.25
-1917.00
-1612.58
-1785.39
-1786.83
-1522.96
-1778.55
-1531.87
-1907.96
-1912.40
-1762.81
-1610.97
-1754.39
-1781.33
-1787.88
-1787.36
-1781.62
-1520.73
-1782.73
-1522.62
-1649.76
-1914.10
-1793.64
-1778.88
-1791.40
-1805.48
-1787.40
-1780.47
-1938.48
-1655.54
-1797.46
-1797.91
-1793.12
-1794.95
-1752.81
-1793.25
-1430.86
-1683.14
-1544.19
-1545.88
-1557.71
-1804.67
-1786.25
-1517.77
-1541.17
-1776.14
-1679.81
-1412.17
-1405.81
-1544.38
-1564.90
-1553.40
-1508.08
-1513.40
-1384.50
-1524.55
-1903.37
-1660.28
-1520.58
-1662.97
-1519.39
-1531.96
-1519.72
-1519.27
-1916.74
-1509.69
-1355.23
-1901.30
-1917.42
-1657.38
-1910.78
-1910.90
-1911.07
-1917.37
-1915.77
-1933.20
-1786.00
-1629.56
-1743.92
-1915.81
-1914.06
-1916.77
-1541.79
-1385.06
-1682.44
-1907.99
-1907.37
-1909.97
-1931.49
-1766.74
-1785.84
-1651.87
-1630.52
-1493.62
-1789.99
-1791.98
-1909.79
-1915.83
-1540.54
-1384.40
-1756.50
-1681.39
-1408.87
-1250.00
-1551.27
-1511.77
-1355.73
-1659.01
-1908.78
-1498.52
-1646.46
-1775.09
-1894.87
-1475.49
-1622.36
-1910.29
-1916.54
-1785.82
-1914.75
-1904.40
-1528.46
-1373.51
-1539.33
-1778.83
-1784.77
-1676.80
-1560.97
-1419.85
-1261.18
-1372.06
-1511.50
-1214.49
-1354.29
-1519.72
-1898.75
-1518.71
-1657.30
-1407.22
-1251.02
-1549.35
-1913.67
-1621.14
-1465.07
-1311.31
-1916.30
-1745.67
-1768.04
-1612.99
-1785.25
-1373.02
-1218.16
-1521.36
-1909.91
-1919.46
-1776.98
-1790.48
-1899.18
-1644.06
-1486.17
-1917.84
-1790.23
-1537.08
-1374.88
-1680.42
-1420.19
-1260.97
-1562.75
-1747.00
-1781.60
-1522.37
-1383.34
-1360.81
-1221.89
-1661.44
-1525.09
-1915.97
-1772.67
-1772.84
-1899.95
-1917.03
-1623.49
-1913.58
-1768.81
-1614.04
-1769.53
-1768.67
-1914.57
-1915.10
-1617.09
-1746.44
-1914.67
-1908.14
-1764.33
-1909.13
-1612.44
-1907.28
-1762.37
-1607.62
-1763.88
-1762.65
-1898.16
-1908.02
-1614.22
-1914.89
-1771.35
-1916.08
-1621.72
-1919.70
-1917.04
-1911.75
-1766.74
-1746.63
-1468.38
-1628.88
-1628.17
-1473.54
-1611.50
-1469.95
-1306.74
-1770.84
-1769.89
-1770.03
-1775.15
-1897.47
-1767.66
-1912.58
-1771.85
-1913.07
-1610.75
-1616.93
-1768.68
-1768.31
-1912.27
-1615.96
-1638.97
-2062.40
-1354.98
-1517.56
-1515.59
-1507.77
-1346.96
-1356.06
-1515.02
-1512.57
-1347.07
-1779.66
-1657.07
-1358.14
-1184.76
-1191.04
-1357.28
-1187.58
-1501.20
-1920.18
-1519.85
-1921.59
-1776.13
-1921.48
-1660.31
-1358.99
-1783.58
-1524.75
-1781.46
-1520.72
-1920.38
-1922.87
-1658.01
-1645.08
-1624.58
-1352.79
-1922.06
-1659.96
-1920.14
-1783.14
-1523.05
-1776.51
-1518.39
-1919.20
-1783.52
-1624.03
-1351.51
-1659.36
-1522.05
-1362.88
-1780.50
-1523.05
-2062.50
-1921.58
-1921.19
-1650.55
-1664.28
-1660.47
-1655.44
-2062.10
-1803.68
-1495.74
-1920.97
-1661.29
-1918.61
-1658.34
-1791.61
-2060.76
-2062.90
-1801.73
-1766.22
-1494.07
-2064.19
-1802.17
-1656.66
-1499.52
-1768.35
-1790.97
-1628.79
-1367.03
-1626.55
-1362.76
-1768.20
-1769.32
-1503.27
-1475.95
-1189.97
-1770.27
-1789.07
-1507.18
-1920.45
-1921.33
-1661.78
-1921.19
-1658.24
-1919.48
-1919.54
-1657.63
-1662.10
-1782.01
-1919.00
