-8.088700000000000045e+02
-6.771599999999999682e+02
-7.969800000000000182e+02
-8.603300000000000409e+02
-1.008490000000000009e+03
-8.617300000000000182e+02
-7.083700000000000045e+02
-7.259299999999999500e+02
-8.793799999999999955e+02
-6.187200000000000273e+02
-8.711900000000000546e+02
-6.534400000000000546e+02
-1.010860000000000014e+03
-1.159410000000000082e+03
-1.003909999999999968e+03
-1.018409999999999968e+03
-1.025029999999999973e+03
-1.174990000000000009e+03
-7.680199999999999818e+02
-5.963500000000000227e+02
-1.177160000000000082e+03
-9.142000000000000455e+02
-1.155529999999999973e+03
-1.168839999999999918e+03
-1.017370000000000005e+03
-1.163140000000000100e+03
-1.029750000000000000e+03
-1.028250000000000000e+03
-8.718600000000000136e+02
-9.525700000000000500e+02
-9.534900000000000091e+02
-1.104569999999999936e+03
-8.310599999999999454e+02
-1.157460000000000036e+03
-1.107819999999999936e+03
-9.808200000000000500e+02
-9.733200000000000500e+02
-1.096089999999999918e+03
-9.535299999999999727e+02
-9.565099999999999909e+02
-6.672799999999999727e+02
-9.580499999999999545e+02
-7.995199999999999818e+02
-8.167000000000000455e+02
-1.304309999999999945e+03
-8.728799999999999955e+02
-8.600099999999999909e+02
-8.034600000000000364e+02
-9.745000000000000000e+02
-1.305319999999999936e+03
-1.018950000000000045e+03
-8.602599999999999909e+02
-6.930099999999999909e+02
-1.160569999999999936e+03
-1.161230000000000018e+03
-1.402970000000000027e+03
-1.276160000000000082e+03
-1.270079999999999927e+03
-1.391769999999999982e+03
-1.395150000000000091e+03
-1.109980000000000018e+03
-1.132960000000000036e+03
-9.711499999999999773e+02
-1.256769999999999982e+03
-1.099750000000000000e+03
-1.331789999999999964e+03
-1.254619999999999891e+03
-1.242470000000000027e+03
-1.251240000000000009e+03
-1.393450000000000045e+03
-1.251259999999999991e+03
-1.245180000000000064e+03
-1.086740000000000009e+03
-1.255970000000000027e+03
-1.131380000000000109e+03
-1.253730000000000018e+03
-1.306460000000000036e+03
-1.121329999999999927e+03
-9.667100000000000364e+02
-1.255269999999999982e+03
-1.099930000000000064e+03
-9.807599999999999909e+02
-8.616200000000000045e+02
-8.847699999999999818e+02
-1.119240000000000009e+03
-1.113960000000000036e+03
-1.167690000000000055e+03
-1.153750000000000000e+03
-1.017720000000000027e+03
-1.275789999999999964e+03
-1.159279999999999973e+03
-1.277369999999999891e+03
-1.102460000000000036e+03
-1.267250000000000000e+03
-1.152680000000000064e+03
-1.160910000000000082e+03
-1.131720000000000027e+03
-1.262440000000000055e+03
-1.310130000000000109e+03
-1.105279999999999973e+03
-1.122730000000000018e+03
-1.118319999999999936e+03
-1.118529999999999973e+03
-1.271119999999999891e+03
-1.013399999999999977e+03
-1.023889999999999986e+03
-8.623400000000000318e+02
-1.018009999999999991e+03
-1.119259999999999991e+03
-1.153430000000000064e+03
-9.937000000000000455e+02
-1.120220000000000027e+03
-9.885099999999999909e+02
-9.883400000000000318e+02
-9.726399999999999864e+02
-8.101699999999999591e+02
-9.776699999999999591e+02
-8.505499999999999545e+02
-8.524199999999999591e+02
-9.946799999999999500e+02
-1.459470000000000027e+03
-1.318450000000000045e+03
-1.158130000000000109e+03
-1.317700000000000045e+03
-1.472599999999999909e+03
-1.157450000000000045e+03
-1.455849999999999909e+03
-1.300089999999999918e+03
-1.163190000000000055e+03
-9.475399999999999636e+02
-1.458289999999999964e+03
-1.458119999999999891e+03
-1.306230000000000018e+03
-1.455339999999999918e+03
-1.300049999999999955e+03
-1.454380000000000109e+03
-1.339000000000000000e+03
-1.088230000000000018e+03
-1.197039999999999964e+03
-1.324079999999999927e+03
-1.322480000000000018e+03
-1.324019999999999982e+03
-1.315900000000000091e+03
-1.316140000000000100e+03
-1.323740000000000009e+03
-1.325940000000000055e+03
-1.453109999999999900e+03
-1.321119999999999891e+03
-1.173809999999999945e+03
-1.018129999999999995e+03
-1.470789999999999964e+03
-1.062900000000000091e+03
-9.032300000000000182e+02
-1.328890000000000100e+03
-1.067190000000000055e+03
-1.327299999999999955e+03
-1.065619999999999891e+03
-1.455680000000000064e+03
-1.471150000000000091e+03
-1.474900000000000091e+03
-1.210470000000000027e+03
-1.174660000000000082e+03
-9.024400000000000546e+02
-1.472019999999999982e+03
-1.210269999999999982e+03
-1.464450000000000045e+03
-1.315049999999999955e+03
-1.466400000000000091e+03
-1.453579999999999927e+03
-1.325980000000000018e+03
-1.169329999999999927e+03
-1.459289999999999964e+03
-1.313490000000000009e+03
-1.318730000000000018e+03
-1.466119999999999891e+03
-1.319450000000000045e+03
-1.161869999999999891e+03
-1.070700000000000045e+03
-1.321299999999999955e+03
-1.600109999999999900e+03
-1.323380000000000109e+03
-1.063440000000000055e+03
-9.259099999999999682e+02
-1.325849999999999909e+03
-1.170420000000000073e+03
-9.499099999999999682e+02
-1.128500000000000000e+03
-1.006350000000000023e+03
-1.268150000000000091e+03
-1.125259999999999991e+03
-1.602069999999999936e+03
-1.250329999999999927e+03
-1.253180000000000064e+03
-1.254339999999999918e+03
-1.249869999999999891e+03
-1.254210000000000036e+03
-1.254700000000000045e+03
-1.249450000000000045e+03
-1.100589999999999918e+03
-9.456100000000000136e+02
-1.400289999999999964e+03
-1.600269999999999982e+03
-1.123319999999999936e+03
-1.258460000000000036e+03
-1.132009999999999991e+03
-1.258279999999999973e+03
-1.131640000000000100e+03
-1.401119999999999891e+03
-1.406470000000000027e+03
-1.270059999999999945e+03
-1.104190000000000055e+03
-9.724900000000000091e+02
-1.194160000000000082e+03
-1.638950000000000045e+03
-1.536799999999999955e+03
-1.916079999999999927e+03
-1.789950000000000045e+03
-1.612559999999999945e+03
-1.438720000000000027e+03
-1.719529999999999973e+03
-1.774819999999999936e+03
-1.710069999999999936e+03
-1.582329999999999927e+03
-1.368869999999999891e+03
-1.602750000000000000e+03
-1.604170000000000073e+03
-1.330960000000000036e+03
-1.327670000000000073e+03
-1.404500000000000000e+03
-1.237650000000000091e+03
-1.217230000000000018e+03
-1.867380000000000109e+03
-1.771220000000000027e+03
-1.779980000000000018e+03
-1.767660000000000082e+03
-1.339890000000000100e+03
-1.491509999999999991e+03
-1.750700000000000045e+03
-1.365500000000000000e+03
-1.686619999999999891e+03
-1.602210000000000036e+03
-1.853289999999999964e+03
-1.550609999999999900e+03
-1.388680000000000064e+03
-1.264369999999999891e+03
-1.582089999999999918e+03
-1.797329999999999927e+03
-1.422329999999999927e+03
-1.782569999999999936e+03
-1.497069999999999936e+03
-1.716200000000000045e+03
-1.508750000000000000e+03
-1.670740000000000009e+03
-1.599700000000000045e+03
-1.641440000000000055e+03
-1.434079999999999927e+03
-1.638390000000000100e+03
-1.705630000000000109e+03
-1.418390000000000100e+03
-1.671430000000000064e+03
-1.690930000000000064e+03
-1.344980000000000018e+03
-1.414700000000000045e+03
-1.693769999999999982e+03
-1.466420000000000073e+03
-1.494640000000000100e+03
-1.427680000000000064e+03
-1.632369999999999891e+03
-1.766220000000000027e+03
-1.840869999999999891e+03
-1.571730000000000018e+03
-1.456390000000000100e+03
-1.669789999999999964e+03
-1.396190000000000055e+03
-1.552099999999999909e+03
-1.452849999999999909e+03
-1.587009999999999991e+03
-1.325750000000000000e+03
-1.661440000000000055e+03
-1.369930000000000064e+03
-1.400470000000000027e+03
-1.758380000000000109e+03
-1.587539999999999964e+03
-1.564680000000000064e+03
-1.718880000000000109e+03
-1.502579999999999927e+03
-1.647730000000000018e+03
-1.696859999999999900e+03
-1.430450000000000045e+03
-1.678680000000000064e+03
-1.486150000000000091e+03
-1.447430000000000064e+03
-1.317579999999999927e+03
-1.248980000000000018e+03
-1.399930000000000064e+03
-2.060760000000000218e+03
-1.565569999999999936e+03
-1.442180000000000064e+03
-1.718569999999999936e+03
-1.645289999999999964e+03
-1.439079999999999927e+03
-1.337529999999999973e+03
-1.721779999999999973e+03
-1.159210000000000036e+03
-1.301339999999999918e+03
-1.799269999999999982e+03
-1.148049999999999955e+03
-1.503269999999999982e+03
-1.523339999999999918e+03
-1.847700000000000045e+03
-1.547950000000000045e+03
-1.715950000000000045e+03
-1.628140000000000100e+03
-1.146369999999999891e+03
-1.506039999999999964e+03
-1.843609999999999900e+03
-1.728069999999999936e+03
-1.557710000000000036e+03
-1.785269999999999982e+03
-1.771710000000000036e+03
-1.477710000000000036e+03
-1.389309999999999945e+03
-1.448319999999999936e+03
-1.849529999999999973e+03
-1.363619999999999891e+03
-1.273690000000000055e+03
-1.531069999999999936e+03
-1.522210000000000036e+03
-1.505789999999999964e+03
-1.384660000000000082e+03
-1.846880000000000109e+03
-1.529720000000000027e+03
-1.753259999999999991e+03
-1.443589999999999918e+03
-1.726349999999999909e+03
-1.542990000000000009e+03
-1.409759999999999991e+03
-1.785390000000000100e+03
-1.371450000000000045e+03
-1.605880000000000109e+03
-1.666220000000000027e+03
-1.434720000000000027e+03
-1.732029999999999973e+03
-1.574019999999999982e+03
-1.509799999999999955e+03
-1.902250000000000000e+03
-1.026200000000000045e+03
-1.762400000000000091e+03
-1.319089999999999918e+03
-1.520950000000000045e+03
-1.567190000000000055e+03
-1.917420000000000073e+03
-1.246170000000000073e+03
-1.518019999999999982e+03
-1.420140000000000100e+03
-1.464769999999999982e+03
-1.200269999999999982e+03
-1.447980000000000018e+03
-2.045789999999999964e+03
-1.761460000000000036e+03
-1.409329999999999927e+03
-1.660859999999999900e+03
-1.323799999999999955e+03
-1.313029999999999973e+03
-1.705309999999999945e+03
-1.788400000000000091e+03
-1.118319999999999936e+03
-1.784420000000000073e+03
-1.791319999999999936e+03
-1.658099999999999909e+03
-1.406559999999999945e+03
-1.318690000000000055e+03
-1.519269999999999982e+03
-1.911519999999999982e+03
-1.571339999999999918e+03
-1.464210000000000036e+03
-1.494990000000000009e+03
-1.662970000000000027e+03
-1.379269999999999982e+03
-1.279049999999999955e+03
-1.793180000000000064e+03
-1.396440000000000055e+03
-1.597329999999999927e+03
-1.710569999999999936e+03
-1.462740000000000009e+03
-1.593200000000000045e+03
-1.928049999999999955e+03
-1.784700000000000045e+03
-1.842529999999999973e+03
-1.935470000000000027e+03
-1.269839999999999918e+03
-1.921529999999999973e+03
-1.616049999999999955e+03
-1.902200000000000045e+03
-1.580809999999999945e+03
-1.576849999999999909e+03
-1.381230000000000018e+03
-1.624589999999999918e+03
-1.544160000000000082e+03
-1.430410000000000082e+03
-1.420319999999999936e+03
-1.716279999999999973e+03
-1.638250000000000000e+03
-1.430640000000000100e+03
-1.656579999999999927e+03
-1.608460000000000036e+03
-1.456640000000000100e+03
-1.915619999999999891e+03
-1.574890000000000100e+03
-1.680420000000000073e+03
-1.429869999999999891e+03
-1.545970000000000027e+03
-1.905000000000000000e+03
-1.986539999999999964e+03
-1.499970000000000027e+03
-1.783609999999999900e+03
-1.640349999999999909e+03
-1.181089999999999918e+03
-1.564200000000000045e+03
-1.850029999999999973e+03
-1.251809999999999945e+03
-1.286759999999999991e+03
-1.588670000000000073e+03
-1.814000000000000000e+03
-1.025190000000000055e+03
-1.463150000000000091e+03
-1.351420000000000073e+03
-1.933519999999999982e+03
-1.670720000000000027e+03
-1.465220000000000027e+03
-1.766099999999999909e+03
-1.723890000000000100e+03
-1.750900000000000091e+03
-1.649779999999999973e+03
-1.507430000000000064e+03
-1.637480000000000018e+03
-1.579470000000000027e+03
-1.461740000000000009e+03
-1.538279999999999973e+03
-1.348140000000000100e+03
-1.302500000000000000e+03
-1.488309999999999945e+03
-1.907960000000000036e+03
-1.711099999999999909e+03
-1.424390000000000100e+03
-1.846740000000000009e+03
-1.718150000000000091e+03
-1.689019999999999982e+03
-1.585599999999999909e+03
-1.660470000000000027e+03
-1.673869999999999891e+03
-1.213400000000000091e+03
-1.779910000000000082e+03
-1.473460000000000036e+03
-1.404390000000000100e+03
-1.402339999999999918e+03
-1.331799999999999955e+03
-1.486140000000000100e+03
-1.690789999999999964e+03
-1.752369999999999891e+03
-1.610059999999999945e+03
-1.867099999999999909e+03
-1.405809999999999945e+03
-1.564000000000000000e+03
-1.219910000000000082e+03
-1.155400000000000091e+03
-1.236150000000000091e+03
-1.713470000000000027e+03
-1.871069999999999936e+03
-1.901269999999999982e+03
-1.480150000000000091e+03
-1.547660000000000082e+03
-1.503210000000000036e+03
-1.772079999999999927e+03
-1.628059999999999945e+03
-1.552420000000000073e+03
-1.127500000000000000e+03
-1.787799999999999955e+03
-1.698220000000000027e+03
-1.681630000000000109e+03
-1.542250000000000000e+03
-1.780470000000000027e+03
-1.282549999999999955e+03
-1.687210000000000036e+03
-1.633759999999999991e+03
-1.747799999999999955e+03
-1.658009999999999991e+03
-1.544599999999999909e+03
-1.586700000000000045e+03
-1.551900000000000091e+03
-1.707279999999999973e+03
-1.248940000000000055e+03
-1.458630000000000109e+03
-1.407700000000000045e+03
-1.229430000000000064e+03
-1.457930000000000064e+03
-1.472849999999999909e+03
-1.770079999999999927e+03
-1.628789999999999964e+03
-1.174420000000000073e+03
-1.759049999999999955e+03
-1.180160000000000082e+03
-1.796240000000000009e+03
-8.257599999999999909e+02
-1.692039999999999964e+03
-1.389529999999999973e+03
-1.398160000000000082e+03
-1.226069999999999936e+03
-1.615569999999999936e+03
-1.735500000000000000e+03
-1.468569999999999936e+03
-1.649180000000000064e+03
-1.786829999999999927e+03
-1.499519999999999982e+03
-1.707700000000000045e+03
-1.609730000000000018e+03
-1.074690000000000055e+03
-1.803680000000000064e+03
-1.913579999999999927e+03
-1.491200000000000045e+03
-1.527579999999999927e+03
-1.242670000000000073e+03
-1.609470000000000027e+03
-1.920230000000000018e+03
-1.577759999999999991e+03
-1.319069999999999936e+03
-1.641430000000000064e+03
-1.317519999999999982e+03
-1.567940000000000055e+03
-1.240319999999999936e+03
-1.782839999999999918e+03
-1.607599999999999909e+03
-1.365480000000000018e+03
-1.552410000000000082e+03
-1.346960000000000036e+03
-1.568789999999999964e+03
-1.465900000000000091e+03
-1.368059999999999945e+03
-1.227059999999999945e+03
-2.044710000000000036e+03
-1.206250000000000000e+03
-1.760420000000000073e+03
-1.787960000000000036e+03
-1.586309999999999945e+03
-1.597849999999999909e+03
-1.187589999999999918e+03
-2.046720000000000027e+03
-1.254730000000000018e+03
-1.639769999999999982e+03
-1.648519999999999982e+03
-1.793119999999999891e+03
-1.546819999999999936e+03
-1.475099999999999909e+03
-1.665680000000000064e+03
-1.312230000000000018e+03
-1.459539999999999964e+03
-1.318240000000000009e+03
-1.505559999999999945e+03
-1.284369999999999891e+03
-1.692829999999999927e+03
-1.569609999999999900e+03
-1.604089999999999918e+03
-1.494329999999999927e+03
-1.484559999999999945e+03
-1.451789999999999964e+03
-1.287529999999999973e+03
-1.178980000000000018e+03
-1.904200000000000045e+03
-1.891759999999999991e+03
-1.627890000000000100e+03
-1.383339999999999918e+03
-1.539549999999999955e+03
-1.390930000000000064e+03
-1.712950000000000045e+03
-1.196170000000000073e+03
-1.622769999999999982e+03
-1.386200000000000045e+03
-1.322099999999999909e+03
-1.399240000000000009e+03
-1.538250000000000000e+03
-1.672589999999999918e+03
-1.361019999999999982e+03
-1.570440000000000055e+03
-1.758480000000000018e+03
-1.913349999999999909e+03
-1.360569999999999936e+03
-1.477490000000000009e+03
-1.767829999999999927e+03
-1.548779999999999973e+03
-1.778750000000000000e+03
-1.138180000000000064e+03
-1.464500000000000000e+03
-1.514829999999999927e+03
-1.846579999999999927e+03
-1.566119999999999891e+03
-1.474779999999999973e+03
-1.484150000000000091e+03
-1.864420000000000073e+03
-1.498240000000000009e+03
-1.465039999999999964e+03
-1.756680000000000064e+03
-1.499809999999999945e+03
-1.351309999999999945e+03
-1.340230000000000018e+03
-1.385180000000000064e+03
-1.766700000000000045e+03
-1.699990000000000009e+03
-1.494920000000000073e+03
-1.297640000000000100e+03
-1.122369999999999891e+03
-1.605650000000000091e+03
-1.647920000000000073e+03
-1.551220000000000027e+03
-1.349470000000000027e+03
-1.574140000000000100e+03
-1.606549999999999955e+03
-1.423210000000000036e+03
-1.772670000000000073e+03
-1.617849999999999909e+03
-1.406099999999999909e+03
-1.854279999999999973e+03
-1.216529999999999973e+03
-1.774269999999999982e+03
-1.708450000000000045e+03
-1.722950000000000045e+03
-1.529279999999999973e+03
-1.781250000000000000e+03
-1.868720000000000027e+03
-1.179930000000000064e+03
-1.910460000000000036e+03
-1.402250000000000000e+03
-1.322880000000000109e+03
-1.720900000000000091e+03
-1.483319999999999936e+03
-1.288109999999999900e+03
-1.125069999999999936e+03
-1.224150000000000091e+03
-1.603130000000000109e+03
-1.506220000000000027e+03
-1.841299999999999955e+03
-1.587869999999999891e+03
-1.350250000000000000e+03
-1.542930000000000064e+03
-1.456529999999999973e+03
-1.516519999999999982e+03
-2.059670000000000073e+03
-1.805579999999999927e+03
-1.800569999999999936e+03
-1.779250000000000000e+03
-1.251769999999999982e+03
-1.286289999999999964e+03
-1.357529999999999973e+03
-1.546960000000000036e+03
-1.726569999999999936e+03
-1.289210000000000036e+03
-1.586980000000000018e+03
-1.786069999999999936e+03
-1.084630000000000109e+03
-1.754180000000000064e+03
-1.621710000000000036e+03
-1.515880000000000109e+03
-1.285829999999999927e+03
-1.545059999999999945e+03
-1.455950000000000045e+03
-1.371660000000000082e+03
-1.409980000000000018e+03
-1.653740000000000009e+03
-1.522869999999999891e+03
-1.620299999999999955e+03
-1.748269999999999982e+03
-1.656920000000000073e+03
-1.551720000000000027e+03
-1.615039999999999964e+03
-1.649759999999999991e+03
-1.273480000000000018e+03
-1.374640000000000100e+03
-1.511769999999999982e+03
-1.584099999999999909e+03
-1.299279999999999973e+03
-1.995119999999999891e+03
-1.766099999999999909e+03
-1.466920000000000073e+03
-1.183440000000000055e+03
-1.635470000000000027e+03
-1.480049999999999955e+03
-1.604990000000000009e+03
-1.624539999999999964e+03
-1.376470000000000027e+03
-1.910329999999999927e+03
-1.761220000000000027e+03
-1.721089999999999918e+03
-1.752809999999999945e+03
-1.906859999999999900e+03
-1.691769999999999982e+03
-1.580579999999999927e+03
-1.657910000000000082e+03
-1.145250000000000000e+03
-1.427559999999999945e+03
-1.312180000000000064e+03
-1.706299999999999955e+03
-1.750799999999999955e+03
-1.150990000000000009e+03
-1.432809999999999945e+03
-1.923880000000000109e+03
-1.518180000000000064e+03
-1.451259999999999991e+03
-1.770009999999999991e+03
-1.446640000000000100e+03
-1.455130000000000109e+03
-1.527089999999999918e+03
-1.706789999999999964e+03
-1.480359999999999900e+03
-1.267119999999999891e+03
-1.697990000000000009e+03
-1.668940000000000055e+03
-1.739240000000000009e+03
-1.868500000000000000e+03
-1.548920000000000073e+03
-1.777549999999999955e+03
-1.454720000000000027e+03
-1.400710000000000036e+03
-1.314529999999999973e+03
-1.561109999999999900e+03
-1.756519999999999982e+03
-1.423509999999999991e+03
-1.522240000000000009e+03
-1.850559999999999945e+03
-1.308089999999999918e+03
-1.672420000000000073e+03
-1.625289999999999964e+03
-1.239160000000000082e+03
-1.564900000000000091e+03
-1.783859999999999900e+03
-1.647579999999999927e+03
-1.356809999999999945e+03
-1.646910000000000082e+03
-1.265000000000000000e+03
-1.182609999999999900e+03
-1.603109999999999900e+03
-1.384490000000000009e+03
-1.478670000000000073e+03
-1.846430000000000064e+03
-1.281480000000000018e+03
-1.908460000000000036e+03
-1.599470000000000027e+03
-1.559650000000000091e+03
-1.781509999999999991e+03
-1.366640000000000100e+03
-1.566500000000000000e+03
-1.768920000000000073e+03
-1.447480000000000018e+03
-1.158390000000000100e+03
-1.344789999999999964e+03
-1.983349999999999909e+03
-1.540740000000000009e+03
-1.635140000000000100e+03
-1.412799999999999955e+03
-1.338650000000000091e+03
-1.634750000000000000e+03
-1.571529999999999973e+03
-1.421200000000000045e+03
-1.927869999999999891e+03
-1.514309999999999945e+03
-1.797880000000000109e+03
-1.787349999999999909e+03
-1.407210000000000036e+03
-1.625880000000000109e+03
-1.519849999999999909e+03
-1.337730000000000018e+03
-1.777900000000000091e+03
-1.363650000000000091e+03
-1.470430000000000064e+03
-1.612440000000000055e+03
-1.346960000000000036e+03
-1.302220000000000027e+03
-1.356289999999999964e+03
-1.712220000000000027e+03
-1.220579999999999927e+03
-1.461539999999999964e+03
-1.541690000000000055e+03
-1.621140000000000100e+03
-1.710690000000000055e+03
-1.499730000000000018e+03
-1.861900000000000091e+03
-1.911410000000000082e+03
-1.319769999999999982e+03
-1.633950000000000045e+03
-1.068819999999999936e+03
-1.933089999999999918e+03
-1.720470000000000027e+03
-1.794670000000000073e+03
-1.623380000000000109e+03
-1.386109999999999900e+03
-1.406440000000000055e+03
-1.914150000000000091e+03
-1.610750000000000000e+03
-1.444519999999999982e+03
-1.503759999999999991e+03
-1.120809999999999945e+03
-1.707599999999999909e+03
-1.036500000000000000e+03
-1.994910000000000082e+03
-1.481950000000000045e+03
-1.586910000000000082e+03
-1.449490000000000009e+03
-1.533549999999999955e+03
-1.437099999999999909e+03
-1.571000000000000000e+03
-1.473589999999999918e+03
-1.598200000000000045e+03
-1.641990000000000009e+03
-1.640730000000000018e+03
-1.451029999999999973e+03
-1.780440000000000055e+03
-1.705759999999999991e+03
-1.429970000000000027e+03
-1.420650000000000091e+03
-1.580869999999999891e+03
-2.189380000000000109e+03
-1.782789999999999964e+03
-1.425349999999999909e+03
-1.592660000000000082e+03
-1.844170000000000073e+03
-1.456809999999999945e+03
-1.487220000000000027e+03
-1.395730000000000018e+03
-1.712859999999999900e+03
-1.624970000000000027e+03
-1.572210000000000036e+03
-1.717519999999999982e+03
-1.258680000000000064e+03
-1.455920000000000073e+03
-1.674250000000000000e+03
-1.383000000000000000e+03
-1.652220000000000027e+03
-1.527529999999999973e+03
-1.628599999999999909e+03
-1.496890000000000100e+03
-1.517490000000000009e+03
-1.771890000000000100e+03
-1.445160000000000082e+03
-1.399980000000000018e+03
-1.698720000000000027e+03
-1.419660000000000082e+03
-1.788339999999999918e+03
-1.346819999999999936e+03
-1.919849999999999909e+03
-1.476609999999999900e+03
-1.468220000000000027e+03
-1.630089999999999918e+03
-1.668309999999999945e+03
-1.566440000000000055e+03
-1.347890000000000100e+03
-1.588779999999999973e+03
-1.864130000000000109e+03
-1.632799999999999955e+03
-1.851369999999999891e+03
-1.630900000000000091e+03
-5.642100000000000364e+02
-1.224230000000000018e+03
-1.723640000000000100e+03
-1.788799999999999955e+03
-1.018600000000000023e+03
-1.602279999999999973e+03
-1.248569999999999936e+03
-1.846750000000000000e+03
-1.565569999999999936e+03
-1.418680000000000064e+03
-1.597509999999999991e+03
-1.581299999999999955e+03
-1.904009999999999991e+03
-1.486410000000000082e+03
-1.455759999999999991e+03
-1.482900000000000091e+03
-1.318579999999999927e+03
-1.489789999999999964e+03
-1.354369999999999891e+03
-1.460220000000000027e+03
-1.384440000000000055e+03
-1.660549999999999955e+03
-1.349660000000000082e+03
-2.061070000000000164e+03
-1.759369999999999891e+03
-1.444690000000000055e+03
-1.926680000000000064e+03
-1.646619999999999891e+03
-1.347269999999999982e+03
-1.574299999999999955e+03
-1.728720000000000027e+03
-1.434119999999999891e+03
-1.393329999999999927e+03
-1.433529999999999973e+03
-1.608859999999999900e+03
-1.707160000000000082e+03
-1.924309999999999945e+03
-1.400630000000000109e+03
-1.217329999999999927e+03
-1.068200000000000045e+03
-1.503279999999999973e+03
-1.490869999999999891e+03
-1.522619999999999891e+03
-1.362759999999999991e+03
-1.491640000000000100e+03
-1.716049999999999955e+03
-1.713569999999999936e+03
-1.606500000000000000e+03
-1.446079999999999927e+03
-1.212390000000000100e+03
-1.411359999999999900e+03
-1.361990000000000009e+03
-1.450730000000000018e+03
-1.717859999999999900e+03
-1.562680000000000064e+03
-1.584039999999999964e+03
-1.440029999999999973e+03
-1.928849999999999909e+03
-1.390299999999999955e+03
-1.549869999999999891e+03
-1.569880000000000109e+03
-1.714279999999999973e+03
-2.046509999999999991e+03
-1.049759999999999991e+03
-1.527509999999999991e+03
-1.790230000000000018e+03
-1.302069999999999936e+03
-1.137559999999999945e+03
-1.779470000000000027e+03
-1.356740000000000009e+03
-2.046099999999999909e+03
-1.491059999999999945e+03
-1.225130000000000109e+03
-1.394099999999999909e+03
-1.485009999999999991e+03
-1.363630000000000109e+03
-1.440940000000000055e+03
-1.853750000000000000e+03
-1.596859999999999900e+03
-1.983220000000000027e+03
-1.354039999999999964e+03
-1.026670000000000073e+03
-1.677900000000000091e+03
-1.610200000000000045e+03
-1.990380000000000109e+03
-1.250000000000000000e+03
-1.680839999999999918e+03
-1.244670000000000073e+03
-1.510390000000000100e+03
-1.712539999999999964e+03
-1.492519999999999982e+03
-1.220440000000000055e+03
-1.418410000000000082e+03
-1.451640000000000100e+03
-1.294029999999999973e+03
-1.775269999999999982e+03
-1.625640000000000100e+03
-1.188549999999999955e+03
-1.454240000000000009e+03
-1.006460000000000036e+03
-1.554000000000000000e+03
-1.299079999999999927e+03
-1.408019999999999982e+03
-1.423430000000000064e+03
-1.541819999999999936e+03
-1.417069999999999936e+03
-1.716230000000000018e+03
-1.374430000000000064e+03
-1.651319999999999936e+03
-1.620539999999999964e+03
-1.607400000000000091e+03
-1.650279999999999973e+03
-1.587819999999999936e+03
-1.873279999999999973e+03
-1.222680000000000064e+03
-1.673220000000000027e+03
-1.640130000000000109e+03
-1.510130000000000109e+03
-1.543109999999999900e+03
-1.580759999999999991e+03
-1.693309999999999945e+03
-1.480890000000000100e+03
-1.777500000000000000e+03
-2.069400000000000091e+03
-1.600930000000000064e+03
-1.552430000000000064e+03
-1.785200000000000045e+03
-1.471430000000000064e+03
-1.499710000000000036e+03
-1.928180000000000064e+03
-1.622599999999999909e+03
-1.799970000000000027e+03
-1.920359999999999900e+03
-1.314849999999999909e+03
-1.914109999999999900e+03
-1.399769999999999982e+03
-1.456420000000000073e+03
-1.717279999999999973e+03
-1.767170000000000073e+03
-1.578730000000000018e+03
-1.332390000000000100e+03
-1.402559999999999945e+03
