    1472.57     1471.84     1471.69     1471.68     1471.68     1471.68     1471.68     1471.68     1471.68     1471.68     1471.68     1471.68     1471.68     1471.68     1471.68     1471.68     1471.68     1471.68     1471.68     1471.68
     1465.4     1458.93     1457.66     1457.52     1457.51     1457.51     1457.51     1457.51     1457.51     1457.51     1457.51     1457.51     1457.51     1457.51     1457.51     1457.51     1457.51     1457.51     1457.51     1457.51
    1363.58     1310.38      1302.1     1301.23     1301.14     1301.13     1301.13     1301.13     1301.13     1301.13     1301.13     1301.13     1301.13     1301.13     1301.13     1301.13     1301.13     1301.13     1301.13     1301.13
    999.784     916.579     904.045     902.616     902.468     902.454     902.452     902.452     902.452     902.452     902.452     902.452     902.452     902.452     902.452     902.452     902.452     902.452     902.452     902.452
     638.28     561.915     553.854     559.308     565.554      566.96     567.132      567.15     567.152     567.152     567.152     567.152     567.152     567.152     567.152     567.152     567.152     567.152     567.152     567.152
    392.868     334.556     334.283     365.143     442.153     568.788     632.891     644.734     646.042     646.174     646.187     646.188     646.188     646.188     646.188     646.188     646.188     646.188     646.188     646.188
    293.607      259.39     255.414     264.276     314.914     495.067     902.866     1429.88     1797.56      1888.3     1899.02     1900.11     1900.21     1900.23     1900.23     1900.23     1900.23     1900.23     1900.23     1900.23
     269.25     228.624     215.045     222.269     248.341     311.398     507.502     1088.36     2471.69     4483.14     6385.54     7017.97      7112.5     7122.53     7123.55     7123.63     7123.66     7123.66     7123.66     7123.66
    257.568     243.745     216.039     198.934     204.122     259.018     402.566      779.84      1556.2      3013.7     8811.09     19785.7     29248.4     32515.9     33422.7     33529.6     33557.6     33557.6     33557.6     33557.6
    249.918     244.044     237.749     219.379     202.683     213.192     275.274     479.687     957.128     2064.98     4552.45     10514.9     29366.5       98196      196919      267471      283767      283767      283767      283767
    250.133     246.732     242.711     238.584     235.115     236.534      279.63     450.505     840.854     2212.37     4685.13     6859.98     21046.1     55306.6      136546 4.25728e+07  7.0286e+06  7.0286e+06  7.0286e+06  7.0286e+06
    249.094     247.115     249.271     243.364     236.768      231.81     255.614      364.02     586.901     1508.88     3359.58     6518.24     13149.2     30122.5     91771.1  7.1761e+06 3.06914e+06 3.06914e+06 3.06914e+06 3.06914e+06
    246.563     245.325     247.182     250.547     243.943     252.482     218.645     300.336     438.013     973.462     3106.19     8212.22     27246.1      120867      285036 1.11828e+07 2.93942e+06 2.93942e+06 2.93942e+06 2.93942e+06
    244.377     245.807     246.111     249.865      253.08     247.229     265.537     290.128     275.684     673.314     903.198     4233.54     7552.83     25434.4      101488 7.24637e+06 5.30916e+06 5.30916e+06 5.30916e+06 5.30916e+06
    243.913     245.008     246.751     247.693     250.525     257.543      268.88     259.892     258.237     432.212     722.883     2648.56     1531.42     27595.3     63376.4 2.13362e+08 2.32015e+06 2.32015e+06 2.32015e+06 2.32015e+06
    242.802     242.738     244.516     247.215     249.453     256.224     295.101     471.833     446.464     262.368     416.909     4800.37     17854.5     12529.4     80985.2 2.33795e+07 2.38209e+06 2.38209e+06 2.38209e+06 2.38209e+06
    242.397     241.878     242.811     243.277     247.343     251.319     262.054     284.627     448.439     750.402     498.598     289.462     1539.04     13980.2      117419 1.40893e+07 7.23294e+06 7.23294e+06 7.23294e+06 7.23294e+06
     242.36      241.82      243.32     244.366      245.29     246.931     252.336     262.049     262.129     279.909     511.055     513.473     251.797     1011.48     4132.85      273015      329982      329982      329982      329982
    242.345     242.012     242.573      244.27      245.68     246.967     249.051     251.206     258.003     248.036     237.924     305.332     376.701     292.319     2821.13      690809      175795      175795      175795      175795
    242.339     242.154     241.873     243.388     245.049     246.788     248.428     250.797     249.976     250.842     235.403     228.247     253.844     371.617     3065.55      145432      122108      122108      122108      122108
