-8.088700000000000045e+02
-6.771599999999999682e+02
-7.969800000000000182e+02
-8.603300000000000409e+02
-1.008490000000000009e+03
-8.617300000000000182e+02
-7.083700000000000045e+02
-7.259299999999999500e+02
-8.793799999999999955e+02
-6.187200000000000273e+02
-8.711900000000000546e+02
-6.534400000000000546e+02
-1.010860000000000014e+03
-1.159410000000000082e+03
-1.003909999999999968e+03
-1.018409999999999968e+03
-1.025029999999999973e+03
-1.174990000000000009e+03
-7.680199999999999818e+02
-5.963500000000000227e+02
-1.177160000000000082e+03
-9.142000000000000455e+02
-1.155529999999999973e+03
-1.168839999999999918e+03
-1.017370000000000005e+03
-1.163140000000000100e+03
-1.029750000000000000e+03
-1.028250000000000000e+03
-8.718600000000000136e+02
-9.525700000000000500e+02
-9.534900000000000091e+02
-1.104569999999999936e+03
-8.310599999999999454e+02
-1.157460000000000036e+03
-1.107819999999999936e+03
-9.808200000000000500e+02
-9.733200000000000500e+02
-1.096089999999999918e+03
-9.535299999999999727e+02
-9.565099999999999909e+02
-6.672799999999999727e+02
-9.580499999999999545e+02
-7.995199999999999818e+02
-8.167000000000000455e+02
-1.304309999999999945e+03
-8.728799999999999955e+02
-8.600099999999999909e+02
-8.034600000000000364e+02
-9.745000000000000000e+02
-1.305319999999999936e+03
-1.018950000000000045e+03
-8.602599999999999909e+02
-6.930099999999999909e+02
-1.160569999999999936e+03
-1.161230000000000018e+03
-1.402970000000000027e+03
-1.276160000000000082e+03
-1.270079999999999927e+03
-1.391769999999999982e+03
-1.395150000000000091e+03
-1.109980000000000018e+03
-1.132960000000000036e+03
-9.711499999999999773e+02
-1.256769999999999982e+03
-1.099750000000000000e+03
-1.331789999999999964e+03
-1.254619999999999891e+03
-1.242470000000000027e+03
-1.251240000000000009e+03
-1.393450000000000045e+03
-1.251259999999999991e+03
-1.245180000000000064e+03
-1.086740000000000009e+03
-1.255970000000000027e+03
-1.131380000000000109e+03
-1.253730000000000018e+03
-1.306460000000000036e+03
-1.121329999999999927e+03
-9.667100000000000364e+02
-1.255269999999999982e+03
-1.099930000000000064e+03
-9.807599999999999909e+02
-8.616200000000000045e+02
-8.847699999999999818e+02
-1.119240000000000009e+03
-1.113960000000000036e+03
-1.167690000000000055e+03
-1.153750000000000000e+03
-1.017720000000000027e+03
-1.275789999999999964e+03
-1.159279999999999973e+03
-1.277369999999999891e+03
-1.102460000000000036e+03
-1.267250000000000000e+03
-1.152680000000000064e+03
-1.160910000000000082e+03
-1.131720000000000027e+03
-1.262440000000000055e+03
-1.310130000000000109e+03
-1.105279999999999973e+03
-1.122730000000000018e+03
-1.118319999999999936e+03
-1.118529999999999973e+03
-1.271119999999999891e+03
-1.013399999999999977e+03
-1.023889999999999986e+03
-8.623400000000000318e+02
-1.018009999999999991e+03
-1.119259999999999991e+03
-1.153430000000000064e+03
-9.937000000000000455e+02
-1.120220000000000027e+03
-9.885099999999999909e+02
-9.883400000000000318e+02
-9.726399999999999864e+02
-8.101699999999999591e+02
-9.776699999999999591e+02
-8.505499999999999545e+02
-8.524199999999999591e+02
-9.946799999999999500e+02
-1.459470000000000027e+03
-1.318450000000000045e+03
-1.158130000000000109e+03
-1.317700000000000045e+03
-1.472599999999999909e+03
-1.157450000000000045e+03
-1.455849999999999909e+03
-1.300089999999999918e+03
-1.163190000000000055e+03
-9.475399999999999636e+02
-1.458289999999999964e+03
-1.458119999999999891e+03
-1.306230000000000018e+03
-1.455339999999999918e+03
-1.300049999999999955e+03
-1.454380000000000109e+03
-1.339000000000000000e+03
-1.088230000000000018e+03
-1.197039999999999964e+03
-1.324079999999999927e+03
-1.322480000000000018e+03
-1.324019999999999982e+03
-1.315900000000000091e+03
-1.316140000000000100e+03
-1.323740000000000009e+03
-1.325940000000000055e+03
-1.453109999999999900e+03
-1.321119999999999891e+03
-1.173809999999999945e+03
-1.018129999999999995e+03
-1.470789999999999964e+03
-1.062900000000000091e+03
-9.032300000000000182e+02
-1.328890000000000100e+03
-1.067190000000000055e+03
-1.327299999999999955e+03
-1.065619999999999891e+03
-1.455680000000000064e+03
-1.471150000000000091e+03
-1.474900000000000091e+03
-1.210470000000000027e+03
-1.174660000000000082e+03
-9.024400000000000546e+02
-1.472019999999999982e+03
-1.210269999999999982e+03
-1.464450000000000045e+03
-1.315049999999999955e+03
-1.466400000000000091e+03
-1.453579999999999927e+03
-1.325980000000000018e+03
-1.169329999999999927e+03
-1.459289999999999964e+03
-1.313490000000000009e+03
-1.318730000000000018e+03
-1.466119999999999891e+03
-1.319450000000000045e+03
-1.161869999999999891e+03
-1.070700000000000045e+03
-1.321299999999999955e+03
-1.600109999999999900e+03
-1.323380000000000109e+03
-1.063440000000000055e+03
-9.259099999999999682e+02
-1.325849999999999909e+03
-1.170420000000000073e+03
-9.499099999999999682e+02
-1.128500000000000000e+03
-1.006350000000000023e+03
-1.268150000000000091e+03
-1.125259999999999991e+03
-1.602069999999999936e+03
-1.250329999999999927e+03
-1.253180000000000064e+03
-1.254339999999999918e+03
-1.249869999999999891e+03
-1.254210000000000036e+03
-1.254700000000000045e+03
-1.249450000000000045e+03
-1.100589999999999918e+03
-9.456100000000000136e+02
-1.400289999999999964e+03
-1.600269999999999982e+03
-1.123319999999999936e+03
-1.258460000000000036e+03
-1.132009999999999991e+03
-1.258279999999999973e+03
-1.131640000000000100e+03
-1.401119999999999891e+03
-1.406470000000000027e+03
-1.270059999999999945e+03
-1.104190000000000055e+03
-9.724900000000000091e+02
-1.194160000000000082e+03
-1.387190000000000055e+03
-2.044960000000000036e+03
-1.708869999999999891e+03
-1.523089999999999918e+03
-1.689150000000000091e+03
-1.931490000000000009e+03
-1.648000000000000000e+03
-1.319569999999999936e+03
-1.247799999999999955e+03
-1.415859999999999900e+03
-1.431460000000000036e+03
-1.395640000000000100e+03
-1.570549999999999955e+03
-1.499690000000000055e+03
-1.787750000000000000e+03
-1.917420000000000073e+03
-1.400789999999999964e+03
-1.325750000000000000e+03
-1.542349999999999909e+03
-1.516640000000000100e+03
-1.532119999999999891e+03
-1.115269999999999982e+03
-1.433319999999999936e+03
-1.781430000000000064e+03
-1.850049999999999955e+03
-1.293470000000000027e+03
-1.780490000000000009e+03
-1.125809999999999945e+03
-1.584950000000000045e+03
-1.221069999999999936e+03
-1.462950000000000045e+03
-1.754430000000000064e+03
-1.635490000000000009e+03
-1.347539999999999964e+03
-1.279099999999999909e+03
-1.539599999999999909e+03
-1.524769999999999982e+03
-1.917140000000000100e+03
-1.486359999999999900e+03
-1.490079999999999927e+03
-1.917000000000000000e+03
-1.470630000000000109e+03
-1.646430000000000064e+03
-2.066039999999999964e+03
-1.254890000000000100e+03
-1.422329999999999927e+03
-1.791609999999999900e+03
-1.561799999999999955e+03
-1.659180000000000064e+03
-1.638569999999999936e+03
-1.112079999999999927e+03
-1.698710000000000036e+03
-1.302019999999999982e+03
-1.322440000000000055e+03
-1.434079999999999927e+03
-1.758380000000000109e+03
-1.746490000000000009e+03
-1.632720000000000027e+03
-9.630399999999999636e+02
-1.707420000000000073e+03
-1.928099999999999909e+03
-1.301339999999999918e+03
-9.274299999999999500e+02
-1.785269999999999982e+03
-1.328720000000000027e+03
-1.439079999999999927e+03
-1.796259999999999991e+03
-1.727430000000000064e+03
-1.522319999999999936e+03
-1.291059999999999945e+03
-1.899390000000000100e+03
-1.614029999999999973e+03
-1.663750000000000000e+03
-1.995559999999999945e+03
-1.509799999999999955e+03
-1.213029999999999973e+03
-1.541789999999999964e+03
-1.246529999999999973e+03
-1.446430000000000064e+03
-1.807349999999999909e+03
-1.924230000000000018e+03
-1.329059999999999945e+03
-1.564680000000000064e+03
-1.613829999999999927e+03
-1.929240000000000009e+03
-1.353019999999999982e+03
-1.747900000000000091e+03
-1.588400000000000091e+03
-1.655680000000000064e+03
-1.546779999999999973e+03
-1.148049999999999955e+03
-1.298509999999999991e+03
-1.451609999999999900e+03
-1.459279999999999973e+03
-1.517440000000000055e+03
-1.471410000000000082e+03
-1.733319999999999936e+03
-1.033130000000000109e+03
-1.911069999999999936e+03
-1.525589999999999918e+03
-1.269980000000000018e+03
-1.621450000000000045e+03
-1.645680000000000064e+03
-1.382319999999999936e+03
-1.497980000000000018e+03
-1.549380000000000109e+03
-1.350940000000000055e+03
-1.600049999999999955e+03
-1.314500000000000000e+03
-1.651960000000000036e+03
-1.463200000000000045e+03
-1.443839999999999918e+03
-1.228049999999999955e+03
-1.161809999999999945e+03
-1.507549999999999955e+03
-1.601599999999999909e+03
-1.574490000000000009e+03
-1.726029999999999973e+03
-1.506039999999999964e+03
-1.255940000000000055e+03
-1.440529999999999973e+03
-1.278259999999999991e+03
-1.262569999999999936e+03
-1.788400000000000091e+03
-1.242710000000000036e+03
-1.426579999999999927e+03
-1.536119999999999891e+03
-1.330680000000000064e+03
-1.402490000000000009e+03
-1.263400000000000091e+03
-1.525900000000000091e+03
-1.300910000000000082e+03
-1.423420000000000073e+03
-1.602420000000000073e+03
-1.320039999999999964e+03
-1.935490000000000009e+03
-1.339470000000000027e+03
-1.430450000000000045e+03
-1.447430000000000064e+03
-1.361230000000000018e+03
-1.421680000000000064e+03
-1.189890000000000100e+03
-1.513200000000000045e+03
-1.780809999999999945e+03
-1.223339999999999918e+03
-1.435089999999999918e+03
-1.431059999999999945e+03
-1.921579999999999927e+03
-1.369470000000000027e+03
-1.481170000000000073e+03
-1.508079999999999927e+03
-1.205430000000000064e+03
-1.148579999999999927e+03
-1.702170000000000073e+03
-1.124150000000000091e+03
-1.723940000000000055e+03
-1.359549999999999955e+03
-1.905930000000000064e+03
-1.535359999999999900e+03
-1.647960000000000036e+03
-1.582500000000000000e+03
-1.566559999999999945e+03
-1.562890000000000100e+03
-1.626309999999999945e+03
-1.398710000000000036e+03
-1.329000000000000000e+03
-1.390279999999999973e+03
-1.678569999999999936e+03
-1.583670000000000073e+03
-1.656579999999999927e+03
-1.519970000000000027e+03
-1.551269999999999982e+03
-1.720990000000000009e+03
-1.499519999999999982e+03
-1.486559999999999945e+03
-1.417009999999999991e+03
-1.854359999999999900e+03
-1.573549999999999955e+03
-1.248460000000000036e+03
-2.050010000000000218e+03
-1.541150000000000091e+03
-1.553049999999999955e+03
-1.337430000000000064e+03
-1.346690000000000055e+03
-1.495369999999999891e+03
-1.989700000000000045e+03
-1.546369999999999891e+03
-1.293390000000000100e+03
-1.630519999999999982e+03
-1.372150000000000091e+03
-1.614220000000000027e+03
-1.400779999999999973e+03
-1.718150000000000091e+03
-1.499970000000000027e+03
-1.935470000000000027e+03
-1.753910000000000082e+03
-1.347519999999999982e+03
-1.844680000000000064e+03
-1.763880000000000109e+03
-1.275910000000000082e+03
-1.511500000000000000e+03
-1.218160000000000082e+03
-1.530410000000000082e+03
-1.504670000000000073e+03
-1.915809999999999945e+03
-1.659130000000000109e+03
-1.364250000000000000e+03
-1.651440000000000055e+03
-1.512609999999999900e+03
-1.584200000000000045e+03
-1.766099999999999909e+03
-1.282549999999999955e+03
-1.612349999999999909e+03
-1.714079999999999927e+03
-1.539970000000000027e+03
-1.508069999999999936e+03
-1.402799999999999955e+03
-1.738279999999999973e+03
-1.775710000000000036e+03
-1.449589999999999918e+03
-1.059160000000000082e+03
-1.589940000000000055e+03
-1.666960000000000036e+03
-1.424240000000000009e+03
-1.916299999999999955e+03
-1.537920000000000073e+03
-1.254779999999999973e+03
-1.439589999999999918e+03
-1.655630000000000109e+03
-1.490470000000000027e+03
-1.426119999999999891e+03
-1.336049999999999955e+03
-1.699599999999999909e+03
-1.580329999999999927e+03
-1.515019999999999982e+03
-1.615779999999999973e+03
-1.582740000000000009e+03
-1.933519999999999982e+03
-1.461740000000000009e+03
-1.370390000000000100e+03
-1.609730000000000018e+03
-1.701240000000000009e+03
-1.853059999999999945e+03
-1.131829999999999927e+03
-1.653500000000000000e+03
-1.305660000000000082e+03
-1.716279999999999973e+03
-1.517019999999999982e+03
-1.441529999999999973e+03
-1.478890000000000100e+03
-1.613990000000000009e+03
-1.532440000000000055e+03
-1.665589999999999918e+03
-1.728420000000000073e+03
-1.634579999999999927e+03
-1.265799999999999955e+03
-1.612549999999999955e+03
-1.695819999999999936e+03
-1.793000000000000000e+03
-1.521240000000000009e+03
-1.223240000000000009e+03
-1.619829999999999927e+03
-1.686339999999999918e+03
-1.522599999999999909e+03
-1.715650000000000091e+03
-1.278250000000000000e+03
-1.403569999999999936e+03
-2.046049999999999955e+03
-1.703819999999999936e+03
-1.781150000000000091e+03
-1.897559999999999945e+03
-1.636480000000000018e+03
-1.892910000000000082e+03
-1.242440000000000055e+03
-1.615059999999999945e+03
-1.586980000000000018e+03
-1.766740000000000009e+03
-1.641430000000000064e+03
-1.721900000000000091e+03
-1.571140000000000100e+03
-1.053940000000000055e+03
-1.626799999999999955e+03
-1.503660000000000082e+03
-1.376819999999999936e+03
-1.709009999999999991e+03
-1.464740000000000009e+03
-1.494990000000000009e+03
-1.552779999999999973e+03
-1.229430000000000064e+03
-1.420319999999999936e+03
-1.658859999999999900e+03
-1.276230000000000018e+03
-1.361680000000000064e+03
-1.791009999999999991e+03
-1.871069999999999936e+03
-2.055090000000000146e+03
-1.986539999999999964e+03
-1.287539999999999964e+03
-1.481400000000000091e+03
-1.929200000000000045e+03
-1.711750000000000000e+03
-1.583220000000000027e+03
-1.425410000000000082e+03
-1.714779999999999973e+03
-1.525859999999999900e+03
-1.771690000000000055e+03
-1.457930000000000064e+03
-1.323670000000000073e+03
-1.844460000000000036e+03
-1.453640000000000100e+03
-1.716140000000000100e+03
-1.065950000000000045e+03
-1.415769999999999982e+03
-1.597329999999999927e+03
-1.704640000000000100e+03
-1.428210000000000036e+03
-1.388269999999999982e+03
-1.594700000000000045e+03
-1.221660000000000082e+03
-1.707660000000000082e+03
-1.285829999999999927e+03
-1.418130000000000109e+03
-1.545230000000000018e+03
-1.625460000000000036e+03
-1.574890000000000100e+03
-1.793119999999999891e+03
-1.151039999999999964e+03
-1.668680000000000064e+03
-1.014789999999999964e+03
-1.722420000000000073e+03
-9.922599999999999909e+02
-1.262450000000000045e+03
-1.211759999999999991e+03
-1.278990000000000009e+03
-1.634049999999999955e+03
-1.239220000000000027e+03
-1.335940000000000055e+03
-1.511769999999999982e+03
-1.503630000000000109e+03
-1.658750000000000000e+03
-1.374259999999999991e+03
-1.850200000000000045e+03
-1.485730000000000018e+03
-1.915480000000000018e+03
-1.790480000000000018e+03
-1.497869999999999891e+03
-1.753049999999999955e+03
-1.762619999999999891e+03
-1.786069999999999936e+03
-1.443740000000000009e+03
-1.525529999999999973e+03
-1.663430000000000064e+03
-1.333279999999999973e+03
-1.315200000000000045e+03
-1.331279999999999973e+03
-1.527890000000000100e+03
-1.311109999999999900e+03
-1.419640000000000100e+03
-1.468539999999999964e+03
-1.459059999999999945e+03
-1.472150000000000091e+03
-1.752349999999999909e+03
-1.758480000000000018e+03
-1.155349999999999909e+03
-1.514829999999999927e+03
-1.456529999999999973e+03
-1.720900000000000091e+03
-1.697079999999999927e+03
-1.600779999999999973e+03
-1.482029999999999973e+03
-1.739299999999999955e+03
-1.291900000000000091e+03
-1.478309999999999945e+03
-1.622769999999999982e+03
-1.634470000000000027e+03
-1.716279999999999973e+03
-1.602049999999999955e+03
-1.147200000000000045e+03
-1.339200000000000045e+03
-1.718740000000000009e+03
-1.786700000000000045e+03
-1.542170000000000073e+03
-1.624579999999999927e+03
-1.839259999999999991e+03
-1.551130000000000109e+03
-1.338750000000000000e+03
-1.574630000000000109e+03
-1.318650000000000091e+03
-1.318240000000000009e+03
-1.916690000000000055e+03
-1.510549999999999955e+03
-1.196170000000000073e+03
-1.399240000000000009e+03
-1.524509999999999991e+03
-1.906490000000000009e+03
-1.709940000000000055e+03
-1.709380000000000109e+03
-1.717960000000000036e+03
-1.278660000000000082e+03
-1.512400000000000091e+03
-1.904970000000000027e+03
-1.541089999999999918e+03
-1.304180000000000064e+03
-1.572059999999999945e+03
-1.457910000000000082e+03
-1.360569999999999936e+03
-1.795329999999999927e+03
-1.206250000000000000e+03
-1.230269999999999982e+03
-1.609190000000000055e+03
-1.295960000000000036e+03
-1.366650000000000091e+03
-1.581529999999999973e+03
-1.838279999999999973e+03
-1.412440000000000055e+03
-1.599569999999999936e+03
-1.852140000000000100e+03
-1.578819999999999936e+03
-1.606140000000000100e+03
-1.671950000000000045e+03
-1.584349999999999909e+03
-1.590170000000000073e+03
-1.392940000000000055e+03
-1.453829999999999927e+03
-1.618529999999999973e+03
-1.203339999999999918e+03
-2.062400000000000091e+03
-1.170859999999999900e+03
-1.363690000000000055e+03
-1.110109999999999900e+03
-1.746440000000000055e+03
-1.570440000000000055e+03
-1.705849999999999909e+03
-1.895910000000000082e+03
-1.734670000000000073e+03
-1.789609999999999900e+03
-1.489920000000000073e+03
-1.646079999999999927e+03
-1.916230000000000018e+03
-1.058819999999999936e+03
-1.642630000000000109e+03
-1.672589999999999918e+03
-1.534509999999999991e+03
-1.726569999999999936e+03
-1.671150000000000091e+03
-1.463490000000000009e+03
-1.720200000000000045e+03
-1.053250000000000000e+03
-1.538529999999999973e+03
-1.375680000000000064e+03
-1.657960000000000036e+03
-1.461619999999999891e+03
-1.525859999999999900e+03
-1.269630000000000109e+03
-1.847519999999999982e+03
-1.444079999999999927e+03
-1.271380000000000109e+03
-1.811940000000000055e+03
-1.654269999999999982e+03
-1.377109999999999900e+03
-1.785880000000000109e+03
-1.732559999999999945e+03
-1.528920000000000073e+03
-1.643940000000000055e+03
-1.419849999999999909e+03
-1.393650000000000091e+03
-1.796650000000000091e+03
-1.867930000000000064e+03
-1.433700000000000045e+03
-1.699990000000000009e+03
-1.464700000000000045e+03
-1.533000000000000000e+03
-1.368519999999999982e+03
-1.864230000000000018e+03
-1.512390000000000100e+03
-1.444519999999999982e+03
-1.277000000000000000e+03
-1.522680000000000064e+03
-1.425630000000000109e+03
-1.542869999999999891e+03
-1.623910000000000082e+03
-1.108390000000000100e+03
-1.671109999999999900e+03
-1.718670000000000073e+03
-1.375190000000000055e+03
-1.464480000000000018e+03
-1.524470000000000027e+03
-1.698609999999999900e+03
-1.685549999999999955e+03
-1.694049999999999955e+03
-1.584460000000000036e+03
-1.846809999999999945e+03
-1.396990000000000009e+03
-1.927869999999999891e+03
-1.310109999999999900e+03
-1.635140000000000100e+03
-1.631670000000000073e+03
-1.719740000000000009e+03
-1.613150000000000091e+03
-1.243859999999999900e+03
-1.846430000000000064e+03
-1.536970000000000027e+03
-1.720619999999999891e+03
-1.571529999999999973e+03
-1.418700000000000045e+03
-1.422970000000000027e+03
-1.311069999999999936e+03
-1.321069999999999936e+03
-1.373529999999999973e+03
-1.489400000000000091e+03
-1.853349999999999909e+03
-1.220579999999999927e+03
-1.369000000000000000e+03
-1.404089999999999918e+03
-1.270269999999999982e+03
-1.461180000000000064e+03
-2.045859999999999900e+03
-1.589920000000000073e+03
-1.418450000000000045e+03
-1.465829999999999927e+03
-1.430490000000000009e+03
-1.652690000000000055e+03
-1.442990000000000009e+03
-1.659990000000000009e+03
-1.522240000000000009e+03
-1.475079999999999927e+03
-1.544940000000000055e+03
-1.783859999999999900e+03
-1.689690000000000055e+03
-1.784869999999999891e+03
-1.450200000000000045e+03
-1.487750000000000000e+03
-1.460049999999999955e+03
-1.775039999999999964e+03
-1.544529999999999973e+03
-1.464660000000000082e+03
-1.615950000000000045e+03
-1.719240000000000009e+03
-1.660990000000000009e+03
-1.384180000000000064e+03
-1.388769999999999982e+03
-1.601970000000000027e+03
-1.420819999999999936e+03
-1.237809999999999945e+03
-1.549519999999999982e+03
-1.726009999999999991e+03
-1.906859999999999900e+03
-1.583640000000000100e+03
-1.485950000000000045e+03
-1.381730000000000018e+03
-1.598200000000000045e+03
-1.659039999999999964e+03
-1.380609999999999900e+03
-1.318809999999999945e+03
-1.317500000000000000e+03
-1.573839999999999918e+03
-1.512569999999999936e+03
-1.663269999999999982e+03
-2.063280000000000200e+03
-1.850910000000000082e+03
-1.768200000000000045e+03
-1.585809999999999945e+03
-1.904029999999999973e+03
-1.706299999999999955e+03
-1.387269999999999982e+03
-1.444859999999999900e+03
-1.302220000000000027e+03
-1.493940000000000055e+03
-1.658680000000000064e+03
-1.352750000000000000e+03
-1.340190000000000055e+03
-1.198319999999999936e+03
-1.518369999999999891e+03
-1.804680000000000064e+03
-1.791480000000000018e+03
-1.177559999999999945e+03
-1.724079999999999927e+03
-1.662200000000000045e+03
-1.385720000000000027e+03
-1.348069999999999936e+03
-1.526009999999999991e+03
-1.363990000000000009e+03
-1.587069999999999936e+03
-1.430359999999999900e+03
-1.402190000000000055e+03
-1.614039999999999964e+03
-1.418920000000000073e+03
-1.459029999999999973e+03
-1.720470000000000027e+03
-2.045119999999999891e+03
-1.850180000000000064e+03
-1.568720000000000027e+03
-1.327890000000000100e+03
-1.437730000000000018e+03
-1.365990000000000009e+03
-1.867809999999999945e+03
-1.650609999999999900e+03
-1.855069999999999936e+03
-1.596369999999999891e+03
-1.354390000000000100e+03
-1.788970000000000027e+03
-1.573019999999999982e+03
-1.810759999999999991e+03
-1.257130000000000109e+03
-1.357470000000000027e+03
-1.578769999999999982e+03
-1.842960000000000036e+03
-1.459480000000000018e+03
-1.711829999999999927e+03
-1.311569999999999936e+03
-1.546750000000000000e+03
-1.565329999999999927e+03
-1.514309999999999945e+03
-1.920380000000000109e+03
-1.785299999999999955e+03
-1.845910000000000082e+03
-1.795049999999999955e+03
-1.376470000000000027e+03
-1.460910000000000082e+03
-1.403059999999999945e+03
-1.709779999999999973e+03
-1.503319999999999936e+03
-1.527089999999999918e+03
-1.575440000000000055e+03
-1.462089999999999918e+03
-1.586559999999999945e+03
-1.530599999999999909e+03
-1.707799999999999955e+03
-1.420190000000000055e+03
-1.427980000000000018e+03
-1.719539999999999964e+03
-1.628880000000000109e+03
-1.570269999999999982e+03
-1.580259999999999991e+03
-1.861519999999999982e+03
-1.444039999999999964e+03
-1.362519999999999982e+03
-1.517150000000000091e+03
-1.423140000000000100e+03
-1.463309999999999945e+03
-1.072549999999999955e+03
-1.914750000000000000e+03
-1.780420000000000073e+03
-1.868380000000000109e+03
-1.583799999999999955e+03
-1.483970000000000027e+03
-1.751009999999999991e+03
-1.232069999999999936e+03
-1.519839999999999918e+03
-1.661289999999999964e+03
-1.471880000000000109e+03
-1.382970000000000027e+03
-1.768470000000000027e+03
-1.727170000000000073e+03
-1.566029999999999973e+03
-1.385930000000000064e+03
-1.316779999999999973e+03
-1.932690000000000055e+03
-1.576910000000000082e+03
-1.580390000000000100e+03
-1.521259999999999991e+03
-1.705730000000000018e+03
-1.755559999999999945e+03
-1.848920000000000073e+03
-1.679430000000000064e+03
-1.350180000000000064e+03
-1.429950000000000045e+03
-1.709710000000000036e+03
-1.372900000000000091e+03
-1.384730000000000018e+03
-1.376970000000000027e+03
-1.840960000000000036e+03
-1.478640000000000100e+03
-1.612119999999999891e+03
-1.665490000000000009e+03
-1.586910000000000082e+03
-1.395680000000000064e+03
-1.250000000000000000e+03
-1.006460000000000036e+03
-1.595309999999999945e+03
-1.712849999999999909e+03
-1.458089999999999918e+03
-1.656490000000000009e+03
-1.713289999999999964e+03
-1.422400000000000091e+03
-1.335890000000000100e+03
-1.916759999999999991e+03
-1.401480000000000018e+03
-1.905119999999999891e+03
-1.261740000000000009e+03
-1.646460000000000036e+03
-1.474539999999999964e+03
-2.069400000000000091e+03
-1.249220000000000027e+03
-1.933839999999999918e+03
-1.293019999999999982e+03
-1.566440000000000055e+03
-1.233640000000000100e+03
-1.408839999999999918e+03
-1.467549999999999955e+03
-1.582529999999999973e+03
-1.561680000000000064e+03
-1.546450000000000045e+03
-1.431599999999999909e+03
-1.330990000000000009e+03
-1.637289999999999964e+03
-1.710630000000000109e+03
-1.582390000000000100e+03
-1.641019999999999982e+03
-1.256089999999999918e+03
-1.718079999999999927e+03
-1.703609999999999900e+03
-1.522619999999999891e+03
-1.795049999999999955e+03
-1.515859999999999900e+03
-1.532250000000000000e+03
-1.396759999999999991e+03
-1.609339999999999918e+03
-1.621990000000000009e+03
-1.158299999999999955e+03
-1.916539999999999964e+03
-1.857059999999999945e+03
-1.906839999999999918e+03
-1.842089999999999918e+03
-1.507740000000000009e+03
-1.344539999999999964e+03
-1.602519999999999982e+03
-1.919849999999999909e+03
-1.692210000000000036e+03
-1.684450000000000045e+03
-1.778200000000000045e+03
-1.624279999999999973e+03
-1.642900000000000091e+03
-1.725970000000000027e+03
-1.153890000000000100e+03
-1.926680000000000064e+03
-1.612390000000000100e+03
-1.437670000000000073e+03
-1.531869999999999891e+03
-1.917029999999999973e+03
-1.757299999999999955e+03
-1.625210000000000036e+03
-2.046509999999999991e+03
-1.589869999999999891e+03
-1.575410000000000082e+03
-1.538319999999999936e+03
-1.849569999999999936e+03
-1.605230000000000018e+03
-1.588480000000000018e+03
-1.614029999999999973e+03
-1.245869999999999891e+03
-1.521740000000000009e+03
-1.284539999999999964e+03
-1.551089999999999918e+03
-1.604220000000000027e+03
-1.417599999999999909e+03
-1.215490000000000009e+03
-8.612999999999999545e+02
-1.528710000000000036e+03
-1.695589999999999918e+03
-1.609650000000000091e+03
-1.689490000000000009e+03
-1.509180000000000064e+03
-1.378130000000000109e+03
-1.283059999999999945e+03
-1.278450000000000045e+03
-1.354039999999999964e+03
-1.788339999999999918e+03
-1.618720000000000027e+03
-1.517829999999999927e+03
-1.581869999999999891e+03
-1.449369999999999891e+03
-1.909970000000000027e+03
-1.453440000000000055e+03
-1.518710000000000036e+03
-1.715740000000000009e+03
-1.471430000000000064e+03
-1.332390000000000100e+03
-1.512269999999999982e+03
-1.426859999999999900e+03
-1.581660000000000082e+03
-1.652289999999999964e+03
-1.576390000000000100e+03
-1.658420000000000073e+03
-1.418859999999999900e+03
-1.200490000000000009e+03
-1.457079999999999927e+03
