-8.088700000000000045e+02
-6.771599999999999682e+02
-7.969800000000000182e+02
-8.603300000000000409e+02
-1.008490000000000009e+03
-8.617300000000000182e+02
-7.083700000000000045e+02
-7.259299999999999500e+02
-8.793799999999999955e+02
-6.187200000000000273e+02
-8.711900000000000546e+02
-6.534400000000000546e+02
-1.010860000000000014e+03
-1.159410000000000082e+03
-1.003909999999999968e+03
-1.018409999999999968e+03
-1.025029999999999973e+03
-1.174990000000000009e+03
-7.680199999999999818e+02
-5.963500000000000227e+02
-1.177160000000000082e+03
-9.142000000000000455e+02
-1.155529999999999973e+03
-1.168839999999999918e+03
-1.017370000000000005e+03
-1.163140000000000100e+03
-1.029750000000000000e+03
-1.028250000000000000e+03
-8.718600000000000136e+02
-9.525700000000000500e+02
-9.534900000000000091e+02
-1.104569999999999936e+03
-8.310599999999999454e+02
-1.157460000000000036e+03
-1.107819999999999936e+03
-9.808200000000000500e+02
-9.733200000000000500e+02
-1.096089999999999918e+03
-9.535299999999999727e+02
-9.565099999999999909e+02
-6.672799999999999727e+02
-9.580499999999999545e+02
-7.995199999999999818e+02
-8.167000000000000455e+02
-1.304309999999999945e+03
-8.728799999999999955e+02
-8.600099999999999909e+02
-8.034600000000000364e+02
-9.745000000000000000e+02
-1.305319999999999936e+03
-1.018950000000000045e+03
-8.602599999999999909e+02
-6.930099999999999909e+02
-1.160569999999999936e+03
-1.161230000000000018e+03
-1.402970000000000027e+03
-1.276160000000000082e+03
-1.270079999999999927e+03
-1.391769999999999982e+03
-1.395150000000000091e+03
-1.109980000000000018e+03
-1.132960000000000036e+03
-9.711499999999999773e+02
-1.256769999999999982e+03
-1.099750000000000000e+03
-1.331789999999999964e+03
-1.254619999999999891e+03
-1.242470000000000027e+03
-1.251240000000000009e+03
-1.393450000000000045e+03
-1.251259999999999991e+03
-1.245180000000000064e+03
-1.086740000000000009e+03
-1.255970000000000027e+03
-1.131380000000000109e+03
-1.253730000000000018e+03
-1.306460000000000036e+03
-1.121329999999999927e+03
-9.667100000000000364e+02
-1.255269999999999982e+03
-1.099930000000000064e+03
-9.807599999999999909e+02
-8.616200000000000045e+02
-8.847699999999999818e+02
-1.119240000000000009e+03
-1.113960000000000036e+03
-1.167690000000000055e+03
-1.153750000000000000e+03
-1.017720000000000027e+03
-1.275789999999999964e+03
-1.159279999999999973e+03
-1.277369999999999891e+03
-1.102460000000000036e+03
-1.267250000000000000e+03
-1.152680000000000064e+03
-1.160910000000000082e+03
-1.131720000000000027e+03
-1.262440000000000055e+03
-1.310130000000000109e+03
-1.105279999999999973e+03
-1.122730000000000018e+03
-1.118319999999999936e+03
-1.118529999999999973e+03
-1.271119999999999891e+03
-1.013399999999999977e+03
-1.023889999999999986e+03
-8.623400000000000318e+02
-1.018009999999999991e+03
-1.119259999999999991e+03
-1.153430000000000064e+03
-9.937000000000000455e+02
-1.120220000000000027e+03
-9.885099999999999909e+02
-9.883400000000000318e+02
-9.726399999999999864e+02
-8.101699999999999591e+02
-9.776699999999999591e+02
-8.505499999999999545e+02
-8.524199999999999591e+02
-9.946799999999999500e+02
-1.459470000000000027e+03
-1.318450000000000045e+03
-1.158130000000000109e+03
-1.317700000000000045e+03
-1.472599999999999909e+03
-1.157450000000000045e+03
-1.455849999999999909e+03
-1.300089999999999918e+03
-1.163190000000000055e+03
-9.475399999999999636e+02
-1.458289999999999964e+03
-1.458119999999999891e+03
-1.306230000000000018e+03
-1.455339999999999918e+03
-1.300049999999999955e+03
-1.454380000000000109e+03
-1.339000000000000000e+03
-1.088230000000000018e+03
-1.197039999999999964e+03
-1.324079999999999927e+03
-1.322480000000000018e+03
-1.324019999999999982e+03
-1.315900000000000091e+03
-1.316140000000000100e+03
-1.323740000000000009e+03
-1.325940000000000055e+03
-1.453109999999999900e+03
-1.321119999999999891e+03
-1.173809999999999945e+03
-1.018129999999999995e+03
-1.470789999999999964e+03
-1.062900000000000091e+03
-9.032300000000000182e+02
-1.328890000000000100e+03
-1.067190000000000055e+03
-1.327299999999999955e+03
-1.065619999999999891e+03
-1.455680000000000064e+03
-1.471150000000000091e+03
-1.474900000000000091e+03
-1.210470000000000027e+03
-1.174660000000000082e+03
-9.024400000000000546e+02
-1.472019999999999982e+03
-1.210269999999999982e+03
-1.464450000000000045e+03
-1.315049999999999955e+03
-1.466400000000000091e+03
-1.453579999999999927e+03
-1.325980000000000018e+03
-1.169329999999999927e+03
-1.459289999999999964e+03
-1.313490000000000009e+03
-1.318730000000000018e+03
-1.466119999999999891e+03
-1.319450000000000045e+03
-1.161869999999999891e+03
-1.070700000000000045e+03
-1.321299999999999955e+03
-1.600109999999999900e+03
-1.323380000000000109e+03
-1.063440000000000055e+03
-9.259099999999999682e+02
-1.325849999999999909e+03
-1.170420000000000073e+03
-9.499099999999999682e+02
-1.128500000000000000e+03
-1.006350000000000023e+03
-1.268150000000000091e+03
-1.125259999999999991e+03
-1.602069999999999936e+03
-1.250329999999999927e+03
-1.253180000000000064e+03
-1.254339999999999918e+03
-1.249869999999999891e+03
-1.254210000000000036e+03
-1.254700000000000045e+03
-1.249450000000000045e+03
-1.100589999999999918e+03
-9.456100000000000136e+02
-1.400289999999999964e+03
-1.600269999999999982e+03
-1.123319999999999936e+03
-1.258460000000000036e+03
-1.132009999999999991e+03
-1.258279999999999973e+03
-1.131640000000000100e+03
-1.401119999999999891e+03
-1.406470000000000027e+03
-1.270059999999999945e+03
-1.104190000000000055e+03
-9.724900000000000091e+02
-1.194160000000000082e+03
-1.418390000000000100e+03
-1.298509999999999991e+03
-1.536119999999999891e+03
-1.264369999999999891e+03
-1.843609999999999900e+03
-1.169190000000000055e+03
-1.544190000000000055e+03
-1.240609999999999900e+03
-1.164859999999999900e+03
-1.359549999999999955e+03
-1.417039999999999964e+03
-1.317400000000000091e+03
-1.581019999999999982e+03
-1.715119999999999891e+03
-1.197109999999999900e+03
-1.421140000000000100e+03
-1.765119999999999891e+03
-1.244200000000000045e+03
-1.763559999999999945e+03
-1.309329999999999927e+03
-1.928819999999999936e+03
-1.746490000000000009e+03
-1.426579999999999927e+03
-1.443839999999999918e+03
-1.310730000000000018e+03
-1.661230000000000018e+03
-1.699710000000000036e+03
-1.714849999999999909e+03
-1.220230000000000018e+03
-1.777480000000000018e+03
-1.703609999999999900e+03
-1.650269999999999982e+03
-1.221069999999999936e+03
-1.850480000000000018e+03
-1.416589999999999918e+03
-1.838390000000000100e+03
-1.227480000000000018e+03
-1.353789999999999964e+03
-1.144849999999999909e+03
-1.528089999999999918e+03
-1.907279999999999973e+03
-1.585289999999999964e+03
-1.638950000000000045e+03
-1.706470000000000027e+03
-1.621730000000000018e+03
-1.661779999999999973e+03
-1.278849999999999909e+03
-1.264859999999999900e+03
-1.304970000000000027e+03
-1.340549999999999955e+03
-1.623519999999999982e+03
-1.346230000000000018e+03
-1.301339999999999918e+03
-1.511289999999999964e+03
-1.314630000000000109e+03
-1.480579999999999927e+03
-1.782089999999999918e+03
-1.768039999999999964e+03
-1.724730000000000018e+03
-1.792460000000000036e+03
-1.231519999999999982e+03
-1.619579999999999927e+03
-1.299390000000000100e+03
-1.514710000000000036e+03
-1.780390000000000100e+03
-1.716769999999999982e+03
-1.841380000000000109e+03
-1.575809999999999945e+03
-1.374710000000000036e+03
-1.605950000000000045e+03
-1.723940000000000055e+03
-1.702170000000000073e+03
-1.619980000000000018e+03
-1.514009999999999991e+03
-1.667019999999999982e+03
-1.346720000000000027e+03
-1.919150000000000091e+03
-1.661440000000000055e+03
-1.405240000000000009e+03
-1.334220000000000027e+03
-1.425519999999999982e+03
-1.474369999999999891e+03
-1.423759999999999991e+03
-1.455059999999999945e+03
-1.403589999999999918e+03
-1.659759999999999991e+03
-1.402490000000000009e+03
-1.760180000000000064e+03
-1.280190000000000055e+03
-1.407049999999999955e+03
-1.545309999999999945e+03
-1.448319999999999936e+03
-1.658099999999999909e+03
-1.300910000000000082e+03
-1.545089999999999918e+03
-1.412539999999999964e+03
-1.291059999999999945e+03
-1.788400000000000091e+03
-1.463660000000000082e+03
-1.245710000000000036e+03
-1.545829999999999927e+03
-1.335859999999999900e+03
-1.621180000000000064e+03
-1.719920000000000073e+03
-1.626309999999999945e+03
-1.764349999999999909e+03
-1.863900000000000091e+03
-1.070269999999999982e+03
-1.451069999999999936e+03
-1.605400000000000091e+03
-1.991710000000000036e+03
-1.561799999999999955e+03
-1.447430000000000064e+03
-1.244440000000000055e+03
-1.652579999999999927e+03
-1.860299999999999955e+03
-1.442180000000000064e+03
-1.513200000000000045e+03
-1.854619999999999891e+03
-1.547559999999999945e+03
-1.331920000000000073e+03
-1.548799999999999955e+03
-1.430200000000000045e+03
-1.990140000000000100e+03
-1.350940000000000055e+03
-1.588029999999999973e+03
-1.375029999999999973e+03
-1.514910000000000082e+03
-1.330680000000000064e+03
-1.793029999999999973e+03
-1.581829999999999927e+03
-1.091700000000000045e+03
-1.407430000000000064e+03
-1.718789999999999964e+03
-1.456700000000000045e+03
-1.322440000000000055e+03
-1.450680000000000064e+03
-1.713569999999999936e+03
-1.161809999999999945e+03
-1.588400000000000091e+03
-1.191460000000000036e+03
-1.511089999999999918e+03
-1.494170000000000073e+03
-1.152099999999999909e+03
-1.791099999999999909e+03
-1.871119999999999891e+03
-1.614890000000000100e+03
-1.605880000000000109e+03
-2.050050000000000182e+03
-1.385890000000000100e+03
-1.755529999999999973e+03
-1.515759999999999991e+03
-1.711130000000000109e+03
-1.248980000000000018e+03
-1.422130000000000109e+03
-1.129259999999999991e+03
-1.917420000000000073e+03
-1.042240000000000009e+03
-1.786250000000000000e+03
-1.580880000000000109e+03
-2.046049999999999955e+03
-1.302500000000000000e+03
-1.076779999999999973e+03
-1.699019999999999982e+03
-1.480150000000000091e+03
-1.522900000000000091e+03
-1.373660000000000082e+03
-1.609470000000000027e+03
-1.324240000000000009e+03
-1.243970000000000027e+03
-1.917089999999999918e+03
-1.718769999999999982e+03
-1.317109999999999900e+03
-1.253880000000000109e+03
-1.891500000000000000e+03
-1.653819999999999936e+03
-1.722740000000000009e+03
-1.860200000000000045e+03
-1.530410000000000082e+03
-1.435950000000000045e+03
-1.851039999999999964e+03
-1.781329999999999927e+03
-1.515680000000000064e+03
-1.568039999999999964e+03
-1.229430000000000064e+03
-1.577569999999999936e+03
-1.146109999999999900e+03
-1.307720000000000027e+03
-1.799099999999999909e+03
-2.050739999999999782e+03
-1.462380000000000109e+03
-1.697099999999999909e+03
-1.668680000000000064e+03
-1.839369999999999891e+03
-1.735500000000000000e+03
-1.528460000000000036e+03
-2.063980000000000018e+03
-1.595710000000000036e+03
-1.594019999999999982e+03
-1.906640000000000100e+03
-1.709390000000000100e+03
-1.710569999999999936e+03
-1.157450000000000045e+03
-1.665710000000000036e+03
-1.432640000000000100e+03
-1.846740000000000009e+03
-1.315230000000000018e+03
-1.448880000000000109e+03
-1.401109999999999900e+03
-1.558519999999999982e+03
-1.382220000000000027e+03
-1.713089999999999918e+03
-1.231299999999999955e+03
-1.741420000000000073e+03
-1.842529999999999973e+03
-1.724519999999999982e+03
-1.518509999999999991e+03
-1.437539999999999964e+03
-1.726029999999999973e+03
-1.003690000000000055e+03
-1.861220000000000027e+03
-1.592000000000000000e+03
-1.763549999999999955e+03
-1.512200000000000045e+03
-1.369279999999999973e+03
-1.469349999999999909e+03
-1.695410000000000082e+03
-1.539970000000000027e+03
-1.304910000000000082e+03
-1.625210000000000036e+03
-1.837509999999999991e+03
-1.490750000000000000e+03
-1.667490000000000009e+03
-1.533339999999999918e+03
-1.543250000000000000e+03
-1.405150000000000091e+03
-1.200230000000000018e+03
-1.624589999999999918e+03
-1.347069999999999936e+03
-1.476440000000000055e+03
-1.301309999999999945e+03
-1.699599999999999909e+03
-1.385240000000000009e+03
-1.450839999999999918e+03
-2.045720000000000027e+03
-1.747799999999999955e+03
-1.527170000000000073e+03
-1.530980000000000018e+03
-1.150390000000000100e+03
-1.489690000000000055e+03
-1.560920000000000073e+03
-1.853059999999999945e+03
-1.139220000000000027e+03
-1.152049999999999955e+03
-1.465220000000000027e+03
-1.547660000000000082e+03
-1.935470000000000027e+03
-1.850309999999999945e+03
-1.744569999999999936e+03
-1.846849999999999909e+03
-1.422769999999999982e+03
-1.676250000000000000e+03
-1.494619999999999891e+03
-1.411640000000000100e+03
-1.570799999999999955e+03
-1.849150000000000091e+03
-1.402339999999999918e+03
-1.498750000000000000e+03
-1.361200000000000045e+03
-1.715650000000000091e+03
-1.799650000000000091e+03
-1.590230000000000018e+03
-1.369799999999999955e+03
-1.602660000000000082e+03
-1.695819999999999936e+03
-1.704230000000000018e+03
-1.648890000000000100e+03
-1.580809999999999945e+03
-1.640829999999999927e+03
-1.359150000000000091e+03
-1.256579999999999927e+03
-1.723890000000000100e+03
-1.844460000000000036e+03
-1.584349999999999909e+03
-1.293390000000000100e+03
-1.218160000000000082e+03
-1.375329999999999927e+03
-1.556119999999999891e+03
-1.292859999999999900e+03
-1.546369999999999891e+03
-1.705289999999999964e+03
-1.574210000000000036e+03
-1.629559999999999945e+03
-1.481160000000000082e+03
-1.662490000000000009e+03
-1.513660000000000082e+03
-1.255839999999999918e+03
-1.791279999999999973e+03
-1.466670000000000073e+03
-1.638809999999999945e+03
-1.559470000000000027e+03
-1.649390000000000100e+03
-1.802170000000000073e+03
-1.780809999999999945e+03
-1.725259999999999991e+03
-1.792380000000000109e+03
-1.624500000000000000e+03
-1.554789999999999964e+03
-1.261180000000000064e+03
-1.848000000000000000e+03
-1.581980000000000018e+03
-1.788720000000000027e+03
-1.766099999999999909e+03
-1.523329999999999927e+03
-1.535240000000000009e+03
-1.724960000000000036e+03
-1.776839999999999918e+03
-1.914029999999999973e+03
-1.731140000000000100e+03
-1.727500000000000000e+03
-1.207589999999999918e+03
-1.524759999999999991e+03
-1.650660000000000082e+03
-1.844380000000000109e+03
-1.434789999999999964e+03
-1.922059999999999945e+03
-1.534509999999999991e+03
-1.286289999999999964e+03
-1.639769999999999982e+03
-1.533569999999999936e+03
-1.366319999999999936e+03
-1.902200000000000045e+03
-1.320329999999999927e+03
-1.453250000000000000e+03
-1.230859999999999900e+03
-1.641319999999999936e+03
-1.788609999999999900e+03
-1.410160000000000082e+03
-1.489210000000000036e+03
-1.726960000000000036e+03
-1.683200000000000045e+03
-1.653450000000000045e+03
-1.326289999999999964e+03
-2.063639999999999873e+03
-1.658750000000000000e+03
-1.163799999999999955e+03
-1.717089999999999918e+03
-1.423730000000000018e+03
-1.331279999999999973e+03
-1.127250000000000000e+03
-1.542930000000000064e+03
-1.490920000000000073e+03
-1.348490000000000009e+03
-1.760420000000000073e+03
-1.655430000000000064e+03
-1.754769999999999982e+03
-1.615960000000000036e+03
-1.464700000000000045e+03
-1.498710000000000036e+03
-1.686990000000000009e+03
-1.166549999999999955e+03
-1.780349999999999909e+03
-1.552410000000000082e+03
-1.770029999999999973e+03
-1.270289999999999964e+03
-1.294720000000000027e+03
-1.509460000000000036e+03
-1.587140000000000100e+03
-1.466650000000000091e+03
-1.601319999999999936e+03
-1.542170000000000073e+03
-1.657730000000000018e+03
-1.615039999999999964e+03
-1.835680000000000064e+03
-1.564220000000000027e+03
-1.496960000000000036e+03
-1.515880000000000109e+03
-1.653740000000000009e+03
-1.482269999999999982e+03
-1.694240000000000009e+03
-1.110109999999999900e+03
-1.861200000000000045e+03
-1.354180000000000064e+03
-1.565900000000000091e+03
-1.539549999999999955e+03
-1.523049999999999955e+03
-1.522049999999999955e+03
-2.189550000000000182e+03
-1.763710000000000036e+03
-1.387369999999999891e+03
-1.759890000000000100e+03
-1.569140000000000100e+03
-1.743920000000000073e+03
-1.460109999999999900e+03
-1.899180000000000064e+03
-1.711569999999999936e+03
-1.155349999999999909e+03
-1.659099999999999909e+03
-1.167839999999999918e+03
-1.766700000000000045e+03
-1.583200000000000045e+03
-1.426349999999999909e+03
-1.458779999999999973e+03
-1.088849999999999909e+03
-1.845230000000000018e+03
-1.230269999999999982e+03
-1.718440000000000055e+03
-1.643940000000000055e+03
-1.227059999999999945e+03
-1.767500000000000000e+03
-1.631250000000000000e+03
-1.714029999999999973e+03
-1.389220000000000027e+03
-1.525529999999999973e+03
-1.503980000000000018e+03
-1.493049999999999955e+03
-1.616049999999999955e+03
-1.443740000000000009e+03
-1.606140000000000100e+03
-1.517230000000000018e+03
-1.240319999999999936e+03
-1.640740000000000009e+03
-1.446589999999999918e+03
-1.427009999999999991e+03
-1.456529999999999973e+03
-1.367670000000000073e+03
-1.438390000000000100e+03
-1.381730000000000018e+03
-1.321230000000000018e+03
-1.710039999999999964e+03
-1.805579999999999927e+03
-1.185509999999999991e+03
-1.472150000000000091e+03
-1.699579999999999927e+03
-1.440430000000000064e+03
-1.489579999999999927e+03
-1.789000000000000000e+03
-1.582480000000000018e+03
-1.726009999999999991e+03
-1.573910000000000082e+03
-1.717710000000000036e+03
-1.405430000000000064e+03
-1.125069999999999936e+03
-1.550500000000000000e+03
-1.755500000000000000e+03
-1.640230000000000018e+03
-1.787539999999999964e+03
-1.715619999999999891e+03
-1.574630000000000109e+03
-1.361019999999999982e+03
-1.784299999999999955e+03
-1.208759999999999991e+03
-1.243930000000000064e+03
-1.923910000000000082e+03
-1.401670000000000073e+03
-1.909059999999999945e+03
-1.318650000000000091e+03
-1.373039999999999964e+03
-1.228400000000000091e+03
-1.916779999999999973e+03
-1.519950000000000045e+03
-1.531529999999999973e+03
-1.248730000000000018e+03
-1.445569999999999936e+03
-1.783579999999999927e+03
-1.364019999999999982e+03
-1.580799999999999955e+03
-1.481640000000000100e+03
-1.917779999999999973e+03
-1.302500000000000000e+03
-1.555440000000000055e+03
-1.705759999999999991e+03
-1.724440000000000055e+03
-1.457099999999999909e+03
-1.444079999999999927e+03
-1.585809999999999945e+03
-1.919970000000000027e+03
-1.396319999999999936e+03
-1.864230000000000018e+03
-1.605920000000000073e+03
-1.036500000000000000e+03
-1.529250000000000000e+03
-1.587859999999999900e+03
-1.610230000000000018e+03
-1.230839999999999918e+03
-1.699950000000000045e+03
-1.664970000000000027e+03
-1.541069999999999936e+03
-1.779089999999999918e+03
-1.217829999999999927e+03
-1.710900000000000091e+03
-1.405970000000000027e+03
-1.337150000000000091e+03
-1.640490000000000009e+03
-1.668509999999999991e+03
-1.554329999999999927e+03
-1.718980000000000018e+03
-1.553140000000000100e+03
-1.481539999999999964e+03
-1.450750000000000000e+03
-1.429970000000000027e+03
-1.283190000000000055e+03
-1.451259999999999991e+03
-1.545420000000000073e+03
-1.665799999999999955e+03
-1.530599999999999909e+03
-1.451029999999999973e+03
-1.130710000000000036e+03
-1.438880000000000109e+03
-1.363990000000000009e+03
-1.629049999999999955e+03
-1.454720000000000027e+03
-2.064840000000000146e+03
-1.634430000000000064e+03
-1.457849999999999909e+03
-1.565329999999999927e+03
-1.933089999999999918e+03
-1.507400000000000091e+03
-1.521299999999999955e+03
-1.645380000000000109e+03
-1.400829999999999927e+03
-1.481210000000000036e+03
-1.362099999999999909e+03
-1.376990000000000009e+03
-1.369670000000000073e+03
-1.319769999999999982e+03
-1.796549999999999955e+03
-1.718369999999999891e+03
-1.229269999999999982e+03
-1.907529999999999973e+03
-1.443740000000000009e+03
-2.047119999999999891e+03
-1.767819999999999936e+03
-1.638509999999999991e+03
-1.574109999999999900e+03
-1.470430000000000064e+03
-1.778549999999999955e+03
-1.762759999999999991e+03
-1.340190000000000055e+03
-1.771890000000000100e+03
-1.212420000000000073e+03
-1.466650000000000091e+03
-2.063280000000000200e+03
-1.581720000000000027e+03
-1.778349999999999909e+03
-1.000009999999999991e+03
-1.335400000000000091e+03
-1.634750000000000000e+03
-1.512390000000000100e+03
-1.575190000000000055e+03
-1.246660000000000082e+03
-1.451769999999999982e+03
-2.062099999999999909e+03
-1.706299999999999955e+03
-1.576009999999999991e+03
-1.124789999999999964e+03
-1.354390000000000100e+03
-1.595559999999999945e+03
-1.682720000000000027e+03
-1.554750000000000000e+03
-1.603509999999999991e+03
-1.405329999999999927e+03
-1.789349999999999909e+03
-1.785210000000000036e+03
-1.412240000000000009e+03
-1.868500000000000000e+03
-1.291900000000000091e+03
-1.727470000000000027e+03
-1.521009999999999991e+03
-1.746710000000000036e+03
-1.789990000000000009e+03
-1.755390000000000100e+03
-1.175069999999999936e+03
-1.919220000000000027e+03
-1.322710000000000036e+03
-1.526009999999999991e+03
-1.504269999999999982e+03
-1.408869999999999891e+03
-1.786910000000000082e+03
-1.462089999999999918e+03
-1.315789999999999964e+03
-1.576450000000000045e+03
-1.517690000000000055e+03
-1.686970000000000027e+03
-1.574339999999999918e+03
-1.310109999999999900e+03
-1.388069999999999936e+03
-1.513630000000000109e+03
-1.906859999999999900e+03
-1.577640000000000100e+03
-1.658130000000000109e+03
-1.901579999999999927e+03
-1.937430000000000064e+03
-1.632500000000000000e+03
-1.423259999999999991e+03
-1.182609999999999900e+03
-1.544940000000000055e+03
-1.314529999999999973e+03
-1.546920000000000073e+03
-1.597000000000000000e+03
-1.754099999999999909e+03
-1.574880000000000109e+03
-1.712859999999999900e+03
-1.796039999999999964e+03
-1.242640000000000100e+03
-1.620259999999999991e+03
-1.869339999999999918e+03
-1.512569999999999936e+03
-1.329480000000000018e+03
-1.365990000000000009e+03
-1.799400000000000091e+03
-1.706000000000000000e+03
-1.570670000000000073e+03
-1.284359999999999900e+03
-1.609930000000000064e+03
-1.296549999999999955e+03
-1.984660000000000082e+03
-1.430740000000000009e+03
-1.517160000000000082e+03
-1.455130000000000109e+03
-1.522430000000000064e+03
-1.294470000000000027e+03
-1.717880000000000109e+03
-1.785299999999999955e+03
-1.911759999999999991e+03
-1.847869999999999891e+03
-1.394670000000000073e+03
-1.318170000000000073e+03
-1.351549999999999955e+03
-1.809359999999999900e+03
-1.714279999999999973e+03
-1.452950000000000045e+03
-1.764009999999999991e+03
-1.314509999999999991e+03
-1.566029999999999973e+03
-1.422400000000000091e+03
-1.847049999999999955e+03
-1.364490000000000009e+03
-1.488470000000000027e+03
-1.780029999999999973e+03
-1.356259999999999991e+03
-1.464539999999999964e+03
-1.537440000000000055e+03
-1.435279999999999973e+03
-1.911069999999999936e+03
-1.472089999999999918e+03
-1.311500000000000000e+03
-1.604220000000000027e+03
-1.778549999999999955e+03
-1.847740000000000009e+03
-1.368940000000000055e+03
-1.783809999999999945e+03
-1.429950000000000045e+03
-1.307369999999999891e+03
-1.365609999999999900e+03
-1.513400000000000091e+03
-1.568619999999999891e+03
-1.410500000000000000e+03
-1.655910000000000082e+03
-1.539650000000000091e+03
-1.426720000000000027e+03
-1.437019999999999982e+03
-1.630900000000000091e+03
-1.471880000000000109e+03
-1.585359999999999900e+03
-1.911309999999999945e+03
-1.448700000000000045e+03
-1.648730000000000018e+03
-1.390299999999999955e+03
-1.291640000000000100e+03
-1.805440000000000055e+03
-1.458990000000000009e+03
-1.350079999999999927e+03
-1.719690000000000055e+03
-1.466180000000000064e+03
-1.434750000000000000e+03
-1.710799999999999955e+03
-1.610200000000000045e+03
-1.544380000000000109e+03
-1.373740000000000009e+03
-1.702200000000000045e+03
-1.546450000000000045e+03
-1.786480000000000018e+03
-1.934670000000000073e+03
-1.151589999999999918e+03
-1.384440000000000055e+03
-1.347269999999999982e+03
-1.904009999999999991e+03
-1.766549999999999955e+03
-1.651809999999999945e+03
-1.362759999999999991e+03
-1.462970000000000027e+03
-1.628170000000000073e+03
-1.358250000000000000e+03
-1.578440000000000055e+03
-1.482900000000000091e+03
-1.400630000000000109e+03
-1.561869999999999891e+03
-1.606289999999999964e+03
-1.479660000000000082e+03
-1.338980000000000018e+03
-1.314849999999999909e+03
-1.698720000000000027e+03
-1.394099999999999909e+03
-1.628880000000000109e+03
-2.190690000000000055e+03
-1.527509999999999991e+03
-1.497640000000000100e+03
-1.716230000000000018e+03
-1.503279999999999973e+03
-1.646460000000000036e+03
-1.395160000000000082e+03
-1.326819999999999936e+03
-1.716779999999999973e+03
-1.785269999999999982e+03
-1.922869999999999891e+03
-1.467109999999999900e+03
-1.670940000000000055e+03
-1.493269999999999982e+03
-1.645849999999999909e+03
-1.632170000000000073e+03
-1.393329999999999927e+03
-1.682440000000000055e+03
-1.906200000000000045e+03
-1.375130000000000109e+03
-1.600690000000000055e+03
-1.732119999999999891e+03
-1.638410000000000082e+03
-1.525900000000000091e+03
-1.547750000000000000e+03
-1.726039999999999964e+03
-1.314099999999999909e+03
-1.583799999999999955e+03
-1.465069999999999936e+03
-1.492519999999999982e+03
-1.512490000000000009e+03
-1.368009999999999991e+03
-1.166900000000000091e+03
-1.794579999999999927e+03
-1.383160000000000082e+03
-1.518140000000000100e+03
-2.048730000000000018e+03
-1.921329999999999927e+03
-1.771849999999999909e+03
-1.214559999999999945e+03
-1.213029999999999973e+03
-1.579039999999999964e+03
-1.634740000000000009e+03
-1.280769999999999982e+03
-1.425599999999999909e+03
-1.529059999999999945e+03
-1.454710000000000036e+03
-1.642900000000000091e+03
-1.635130000000000109e+03
-1.554000000000000000e+03
-1.525799999999999955e+03
-1.335890000000000100e+03
-1.567329999999999927e+03
-1.440940000000000055e+03
-1.153890000000000100e+03
-1.217329999999999927e+03
-1.179660000000000082e+03
-1.227740000000000009e+03
-1.451240000000000009e+03
-1.770089999999999918e+03
-1.182589999999999918e+03
-1.702869999999999891e+03
-1.362519999999999982e+03
-1.087960000000000036e+03
-1.455069999999999936e+03
-1.926680000000000064e+03
-1.622599999999999909e+03
-1.195400000000000091e+03
-1.650599999999999909e+03
-1.325990000000000009e+03
-1.730769999999999982e+03
-1.696920000000000073e+03
-1.160269999999999982e+03
-1.909400000000000091e+03
-1.724630000000000109e+03
-1.423140000000000100e+03
-1.781460000000000036e+03
-1.289920000000000073e+03
-1.604789999999999964e+03
-1.387839999999999918e+03
-1.018600000000000023e+03
-1.548029999999999973e+03
