-808.87
-677.16
-796.98
-860.33
-1008.49
-861.73
-708.37
-725.93
-879.38
-618.72
-871.19
-653.44
-1010.86
-1159.41
-1003.91
-1018.41
-1025.03
-1174.99
-768.02
-596.35
-1177.16
-914.20
-1155.53
-1168.84
-1017.37
-1163.14
-1029.75
-1028.25
-871.86
-952.57
-953.49
-1104.57
-831.06
-1157.46
-1107.82
-980.82
-973.32
-1096.09
-953.53
-956.51
-667.28
-958.05
-799.52
-816.70
-1304.31
-872.88
-860.01
-803.46
-974.50
-1305.32
-1018.95
-860.26
-693.01
-1160.57
-1161.23
-1402.97
-1276.16
-1270.08
-1391.77
-1395.15
-1109.98
-1132.96
-971.15
-1256.77
-1099.75
-1331.79
-1254.62
-1242.47
-1251.24
-1393.45
-1251.26
-1245.18
-1086.74
-1255.97
-1131.38
-1253.73
-1306.46
-1121.33
-966.71
-1255.27
-1099.93
-980.76
-861.62
-884.77
-1119.24
-1113.96
-1167.69
-1153.75
-1017.72
-1275.79
-1159.28
-1277.37
-1102.46
-1267.25
-1152.68
-1160.91
-1131.72
-1262.44
-1310.13
-1105.28
-1122.73
-1118.32
-1118.53
-1271.12
-1013.40
-1023.89
-862.34
-1018.01
-1119.26
-1153.43
-993.70
-1120.22
-988.51
-988.34
-972.64
-810.17
-977.67
-850.55
-852.42
-994.68
-1459.47
-1318.45
-1158.13
-1317.70
-1472.60
-1157.45
-1455.85
-1300.09
-1163.19
-947.54
-1458.29
-1458.12
-1306.23
-1455.34
-1300.05
-1454.38
-1339.00
-1088.23
-1197.04
-1324.08
-1322.48
-1324.02
-1315.90
-1316.14
-1323.74
-1325.94
-1453.11
-1321.12
-1173.81
-1018.13
-1470.79
-1062.90
-903.23
-1328.89
-1067.19
-1327.30
-1065.62
-1455.68
-1471.15
-1474.90
-1210.47
-1174.66
-902.44
-1472.02
-1210.27
-1464.45
-1315.05
-1466.40
-1453.58
-1325.98
-1169.33
-1459.29
-1313.49
-1318.73
-1466.12
-1319.45
-1161.87
-1070.70
-1321.30
-1600.11
-1323.38
-1063.44
-925.91
-1325.85
-1170.42
-949.91
-1128.50
-1006.35
-1268.15
-1125.26
-1602.07
-1250.33
-1253.18
-1254.34
-1249.87
-1254.21
-1254.70
-1249.45
-1100.59
-945.61
-1400.29
-1600.27
-1123.32
-1258.46
-1132.01
-1258.28
-1131.64
-1401.12
-1406.47
-1270.06
-1104.19
-972.49
-1194.16
