683.411 683.411 683.411 683.411 683.411 683.413 683.429 683.586 685.144 699.468
458.186 458.186 458.186 458.186 458.187 458.189 458.218 458.507 461.372 487.999
265.509 265.509 265.509 265.509 265.509 265.513 265.548 265.897  269.37 302.069
131.985 131.985 131.985 131.985 131.985 131.988 132.016 132.302 135.176 163.351
104.575 104.575 104.575 104.575 104.575 104.577  104.59 104.725 106.213 123.791
169.342 169.342 169.342 169.342 169.342 169.342 169.346 169.386 169.997 181.319
 251.76  251.76  251.76  251.76  251.76  251.76 251.762 251.791 252.349 262.671
328.148 328.148 328.148 328.148 328.148  328.15 328.163  328.31 330.084 344.858
425.991 425.991 425.991 425.991 425.992 425.998 426.064 426.734 432.453 455.929
527.658 527.658 527.658 527.658 527.662 527.697  528.04  530.99 547.291 583.965
